[855, 1043, 578, 1078, 1013, 1408, 735, 1000, 997, 999, 569, 1030, 1005]
[716, 964, 580, 1188, 1013, 1355, 748, 998, 1033, 1001, 1000, 1000, 1043]
[691, 1002, 553, 1118, 1000, 1393, 877, 1000, 1007, 1000, 635, 1000, 995]
[721, 998, 587, 1225, 1013, 1357, 820, 959, 1033, 1000, 1000, 1000, 1045]
[708, 1012, 555, 1154, 1000, 1382, 857, 1000, 1010, 1000, 996, 1000, 998]
[710, 1008, 578, 1192, 1000, 1395, 846, 977, 994, 983, 1007, 1012, 1008]
[699, 974, 616, 1268, 1019, 1361, 810, 962, 1006, 995, 1000, 1013, 1052]
[710, 1053, 550, 1048, 1000, 1381, 854, 1000, 1014, 1000, 974, 1000, 993]
[745, 997, 608, 1248, 1018, 1339, 651, 940, 1052, 1000, 1000, 1000, 1053]
[712, 1022, 614, 1260, 1028, 1345, 727, 954, 751, 995, 997, 1014, 1040]
[734, 1003, 591, 1164, 1026, 1378, 795, 958, 988, 996, 1455, 1007, 1019]
[768, 972, 559, 1069, 1006, 1440, 819, 1018, 948, 986, 977, 1037, 976]
[710, 1012, 586, 1208, 999, 1387, 875, 976, 998, 997, 1012, 1000, 953]
[702, 1049, 572, 1075, 1193, 1385, 896, 994, 979, 996, 1114, 1019, 1002]
[726, 970, 607, 1247, 1026, 1341, 656, 951, 1012, 1000, 1007, 1000, 942]
[745, 997, 608, 1348, 1018, 1339, 651, 940, 1052, 1000, 1000, 1000, 1053]
[819, 980, 570, 1058, 1023, 1426, 884, 1006, 989, 986, 986, 1031, 1026]
[710, 1031, 567, 1106, 992, 1381, 859, 1000, 1017, 1025, 979, 1000, 1008]
[714, 1000, 520, 1016, 1000, 1389, 892, 1020, 998, 1000, 1650, 1000, 1005]
[642, 971, 602, 1197, 1033, 1339, 816, 972, 1011, 1003, 981, 1005, 1022]
[710, 1000, 550, 1048, 1000, 1396, 892, 1000, 1000, 1000, 1000, 1000, 1000]
[688, 1013, 554, 1083, 1000, 1394, 867, 1000, 1002, 1004, 981, 1000, 1219]
[703, 981, 600, 1195, 1018, 1376, 801, 998, 1447, 1002, 1216, 1014, 1020]
[718, 1002, 586, 1173, 989, 1387, 790, 1019, 1592, 1000, 1260, 1012, 1013]
[680, 968, 627, 1235, 1041, 1371, 821, 971, 1008, 1004, 1013, 1020, 1037]
[694, 1050, 577, 1075, 1031, 1379, 837, 985, 976, 996, 1498, 1020, 1017]
[691, 974, 621, 1216, 1026, 1382, 728, 988, 879, 1002, 1023, 1033, 999]
[710, 1020, 570, 1060, 1000, 1357, 799, 1000, 1004, 1000, 976, 1000, 998]
[716, 973, 552, 1049, 1011, 1435, 866, 1010, 988, 979, 978, 1034, 1034]
[703, 1052, 559, 1049, 1001, 1380, 852, 994, 996, 999, 1458, 1016, 1004]
[709, 1018, 617, 1206, 1008, 1380, 1064, 979, 983, 996, 1004, 1020, 973]
[710, 1045, 614, 1232, 990, 1384, 700, 1000, 1013, 1000, 982, 1033, 993]
[739, 1014, 578, 1297, 1000, 1370, 668, 999, 1039, 1000, 987, 1000, 1030]
[743, 943, 559, 1048, 1000, 1454, 906, 1031, 977, 982, 976, 1047, 950]
[744, 997, 589, 1298, 1013, 1352, 654, 955, 787, 1000, 772, 1000, 780]
[695, 1000, 622, 1195, 1043, 1382, 753, 1155, 1013, 1000, 1020, 1033, 1027]
[678, 964, 681, 1319, 1050, 1365, 651, 966, 969, 995, 1000, 1043, 1053]
[716, 1033, 600, 1225, 989, 1384, 716, 1014, 1936, 1000, 1007, 1016, 1010]
[719, 978, 595, 1223, 987, 1358, 384, 962, 1001, 1000, 1010, 1000, 1041]
[710, 949, 550, 1022, 996, 1396, 892, 1018, 989, 1009, 1000, 1000, 1040]
[549, 999, 586, 1200, 1007, 1374, 797, 1018, 1082, 1000, 1033, 1001, 1018]
[717, 1008, 624, 1219, 1033, 1359, 878, 963, 341, 996, 678, 1025, 1042]
[709, 1024, 634, 1184, 1035, 1367, 1180, 985, 975, 995, 997, 1031, 1036]
[635, 1032, 556, 1160, 1000, 1374, 816, 1000, 1012, 1000, 980, 1000, 994]
[719, 959, 603, 1185, 1033, 1366, 737, 983, 989, 1006, 1013, 1000, 1039]
[745, 997, 608, 1348, 1018, 1339, 651, 940, 276, 1000, 396, 1000, 1053]
[745, 997, 608, 1348, 1018, 1339, 651, 940, 276, 1000, 1000, 1000, 1053]
[710, 988, 562, 1060, 1030, 1412, 840, 1000, 1000, 968, 1000, 1021, 1037]
[699, 977, 605, 1132, 1009, 1379, 876, 963, 1010, 1000, 1000, 1011, 1023]
[711, 1043, 551, 1056, 995, 1385, 642, 1009, 1587, 1000, 1228, 1011, 1011]
[690, 966, 628, 1135, 1046, 1382, 798, 986, 1014, 1003, 1037, 1033, 1048]
[702, 830, 668, 1311, 1046, 1365, 627, 994, 1017, 995, 1000, 1039, 1034]
[716, 1005, 568, 1097, 999, 1428, 899, 1022, 984, 983, 980, 1009, 951]
[710, 999, 600, 1128, 991, 1401, 869, 1000, 1023, 1035, 1004, 1020, 1010]
[861, 979, 563, 1075, 1020, 1439, 919, 1000, 987, 996, 1000, 1018, 977]
[727, 1000, 490, 996, 1000, 1386, 892, 1038, 972, 1000, 1723, 1000, 1037]
[710, 1000, 568, 1057, 1000, 1384, 1209, 1000, 1131, 1000, 987, 1000, 998]
[710, 1020, 602, 1245, 1000, 1361, 1307, 1000, 1008, 1000, 996, 1000, 994]
[703, 935, 638, 1310, 1039, 1366, 844, 989, 1000, 995, 1378, 1038, 1034]
[719, 1004, 676, 1257, 1000, 1388, 828, 1016, 995, 980, 989, 1052, 947]
[700, 1046, 570, 1200, 1030, 1405, 837, 993, 796, 995, 670, 1020, 1028]
[709, 1020, 595, 1171, 1031, 1366, 964, 996, 992, 999, 996, 1029, 1026]
[712, 1009, 577, 1092, 999, 1414, 874, 983, 995, 979, 1011, 1010, 1004]
[718, 982, 578, 1254, 996, 1391, 105, 949, 1023, 1007, 1000, 1000, 1045]
[708, 1024, 608, 1177, 1000, 1365, 775, 1000, 1000, 997, 1574, 1015, 616]
[865, 986, 575, 1064, 1025, 1418, 895, 1000, 995, 999, 1000, 1020, 1012]
[714, 998, 571, 1037, 1007, 1375, 1201, 1009, 998, 1000, 1358, 1000, 1017]
[710, 1001, 553, 1048, 1000, 1394, 891, 1000, 592, 1041, 996, 993, 980]
[710, 1015, 550, 1048, 1000, 1381, 1551, 1000, 1000, 1000, 983, 1000, 994]
[704, 1013, 694, 1262, 1006, 1344, 777, 1008, 1000, 980, 998, 1055, 945]
[727, 1000, 490, 996, 1000, 1386, 1014, 1038, 972, 1000, 1723, 1000, 1037]
[703, 1030, 589, 1086, 1028, 1373, 1258, 999, 995, 996, 739, 1004, 995]
[730, 998, 644, 1313, 1008, 1339, 651, 800, 1007, 1000, 740, 1000, 1021]
[710, 950, 572, 1063, 1003, 1408, 917, 1014, 983, 1004, 1420, 1002, 979]
[716, 1020, 633, 1208, 685, 1402, 823, 968, 1002, 999, 998, 1028, 1041]
[618, 1011, 583, 1101, 981, 1394, 829, 998, 992, 998, 1014, 1025, 986]
[726, 1026, 549, 1035, 1000, 1210, 873, 1035, 974, 1000, 1391, 1000, 1007]
[707, 1010, 674, 1490, 1023, 1373, 839, 967, 1000, 997, 998, 1011, 974]
[710, 982, 555, 1035, 1004, 1400, 846, 1004, 995, 975, 1000, 1007, 1037]
[692, 962, 631, 1087, 1012, 1372, 689, 998, 1025, 999, 1045, 1036, 1021]
[714, 996, 527, 1128, 998, 1592, 125, 1011, 953, 1004, 1427, 1000, 1038]
[710, 1131, 518, 1010, 1053, 1344, 760, 949, 941, 985, 1463, 998, 1000]
[814, 1270, 563, 1245, 1013, 1582, 688, 987, 472, 998, 959, 1022, 1051]
[710, 981, 618, 1255, 1015, 1340, 656, 961, 996, 1015, 992, 999, 1470]
[715, 999, 569, 359, 1005, 1042, 1241, 963, 1002, 1000, 1000, 1000, 1024]
[710, 1014, 574, 1101, 981, 1396, 892, 972, 989, 976, 1018, 1000, 942]
[710, 970, 554, 1048, 1000, 1429, 892, 1008, 1037, 1042, 1045, 991, 1033]
[710, 985, 544, 1015, 579, 1388, 835, 989, 985, 1014, 962, 999, 1000]
[725, 970, 566, 1051, 989, 1438, 735, 990, 581, 1018, 1002, 1009, 1038]
[710, 1034, 550, 1213, 726, 1395, 235, 1000, 1003, 980, 981, 1000, 999]
[710, 981, 559, 1047, 566, 1400, 884, 1006, 996, 991, 1000, 1005, 1467]
[719, 990, 567, 1174, 1010, 1485, 1183, 1004, 1028, 1003, 1000, 1000, 1042]
[700, 1042, 602, 1053, 1007, 1379, 917, 978, 1013, 1000, 436, 1007, 1004]
[718, 861, 555, 1046, 955, 1405, 846, 981, 1012, 1022, 980, 993, 1054]
[743, 1050, 561, 1274, 1006, 1365, 837, 951, 522, 1000, 998, 1000, 1032]
[710, 1004, 660, 1241, 1059, 1393, 805, 1000, 1005, 1000, 998, 1029, 1000]
[710, 1000, 530, 1039, 1000, 1446, 892, 1000, 1001, 968, 996, 1000, 1011]
[710, 1055, 590, 1187, 996, 1396, 874, 986, 1006, 1001, 1130, 1008, 1724]
[678, 1029, 509, 1075, 1000, 1380, 834, 1019, 1152, 1000, 1688, 1000, 1013]
[712, 987, 652, 1271, 1000, 1363, 911, 1000, 1041, 1000, 991, 1023, 575]
