[751, -150, 1291, 750, -1, 1356, 659, -64, 623, 468, 1027, 998, 999, 1994, 1318, 1005]
[293, 0, 1291, 1730, 10, 1344, 692, -64, 616, 441, 1027, 1203, 949, 2000, 566, 1005]
[696, 0, 1243, 39, -1, 1318, 648, 0, 587, 468, 1023, 1040, 980, 1667, 1318, 1005]
[751, 0, 1291, 807, -1, 1390, 666, -64, 603, 414, 1031, 1040, 976, 1476, 1377, 968]
[807, 0, 1291, 750, 11, 1392, 683, 0, 619, 495, 1027, 998, 999, 1994, 1296, 1002]
[751, 0, 1256, 806, 11, 1411, 659, -64, 616, 429, 1027, 990, 1845, 1943, 1318, 1061]
[691, -150, 1926, 735, -1, 1339, 697, 0, 658, 497, 1003, 998, 948, 2000, 1623, 976]
[786, 0, 1291, 761, 39, 1285, 659, -64, 564, 488, 1027, 222, 1022, 1981, 967, 30]
[751, -150, 1327, 1358, 3, 1356, 659, 0, 1950, 468, 978, 956, 1001, 1994, 1307, 968]
[751, 0, 1322, 750, -1, 1356, 708, 0, 679, 497, 1020, 1075, 999, 1420, 1318, 871]
[786, 0, 1291, 750, 54, 1334, 703, -64, 623, 479, 1046, 949, 959, 1952, 1343, 1005]
[1866, -150, 1291, 750, 326, 1314, 602, -64, 630, 468, 1380, 1008, 719, 1994, 1318, 1968]
[702, 0, 1279, 794, 0, 1356, 715, 0, 623, 468, 1003, 1008, 1055, 1994, 1318, 976]
[345, 1835, 858, 1144, -123, 1390, 659, -64, 623, 468, 1027, 998, 999, 1565, 1003, 1005]
[1558, 1835, 884, 1113, -123, 1358, 659, 0, 606, 468, 1518, 951, 993, 1598, 1270, 952]
[345, 1835, 817, 1923, 0, 1441, 685, -64, 662, 467, 1028, 1208, 989, 1565, 985, 980]
[340, 738, 818, 1085, 0, 1398, 697, 1282, 638, 468, 1948, 998, 993, 484, 320, 979]
[306, 1609, 902, 1144, 0, 1447, 697, 0, 610, 520, 985, 962, 966, 1565, 1054, 1005]
[290, 1858, 858, 1144, -123, 1375, 622, 0, 597, 506, 1281, 1001, 993, 1565, 1003, 1005]
[345, 1853, 816, 1195, 0, 1390, 666, 0, 623, 468, 1025, 1003, 999, 1583, 953, 1063]
[345, 1807, 858, 1161, 0, 1390, 659, 0, 591, 468, 1054, 944, 1031, 1560, 1918, 977]
[392, 1856, 858, 1084, -123, 1390, 715, 0, 623, 416, 998, 1017, 1981, 756, 951, 1028]
[316, 1835, 858, 1632, 1720, 1403, 657, 0, 613, 468, 1028, 1233, 999, 1299, 1017, 1005]
[339, 1928, 899, 1197, 1409, 1390, 622, 0, 623, 469, 1046, 972, 942, 1565, 1003, 1003]
[7, 1792, 858, 1144, 0, 1547, 681, -64, 623, 612, 1027, 998, 987, 1592, 995, 1005]
[345, 1837, 837, 1184, -123, 1433, 700, 0, 602, 507, 994, 971, 999, 1574, 1023, 976]
[345, 1825, 907, 1202, 0, 1390, 611, -64, 615, 468, 1027, 998, 1028, 1538, 1039, 1005]
[345, 1861, 544, 435, 1170, 1514, 1382, -694, 747, 468, 1027, 998, 999, 1565, 1003, 1005]
[369, 1910, 552, 482, 1152, 1570, 1361, 0, 727, 468, 1075, 998, 999, 1609, 1013, 1005]
[345, 317, 600, 429, 1170, 1570, 1424, 1854, 780, 488, 1032, 998, 973, 1409, 1003, 975]
[366, 1839, 544, 435, 1170, 1206, 1402, 0, 747, 496, 1005, 982, 1015, 1571, 1713, 985]
[375, 1861, 544, 392, 555, 1520, 1337, 0, 788, 437, 970, 952, 999, 1507, 1034, 1005]
[316, 1880, 544, 841, 1170, 1520, 476, -694, 767, 440, 967, 1054, 1001, 1563, 960, 983]
[1243, 1861, 577, 173, 1129, 1514, 1395, 0, 765, 468, 1027, 1053, 1038, 1565, 994, 1219]
[376, 1852, 1536, 474, 1170, 510, 1382, -694, 758, 1816, 1861, 998, 943, 1565, 1046, 1005]
[310, 1840, 494, 435, 1193, 1490, 1433, 0, 747, 450, 1024, 975, 999, 1548, 999, 999]
[345, 1861, 544, 494, 1734, 1465, 1382, 0, 741, 1771, 1586, 949, 999, 1529, 975, 987]
[1179, 1861, 544, 443, 1207, 1514, 1326, 0, 753, 445, 869, 998, 999, 1565, 1716, 1017]
[1402, 1894, 561, 477, 183, 1459, 913, 0, 718, 504, 991, 974, 999, 1529, 1035, 1550]
[287, 1807, 566, 435, 1170, 1514, 1351, 911, 721, 464, 1798, 1044, 1045, 1574, 1037, 1005]
[293, 1861, 544, 483, 1170, 1476, 1335, 0, 696, 468, 1079, 1273, 1037, 1513, 1620, 1143]
[345, 1861, 544, 435, 1788, 1431, 750, 403, 1119, 1106, 1027, 998, 999, 1565, 1003, 1005]
[373, 1894, 486, 435, 1764, 1431, 695, 449, 1119, 1106, 1076, 945, 999, 1505, 1003, 970]
[345, 1867, 493, 435, 1758, 1377, 753, 403, 1085, 1106, 1064, 1033, 951, 1513, 1003, 962]
[306, 1892, 548, 451, 1742, 1416, 750, 403, 1085, 1106, 1027, 994, 1049, 1565, 1003, 1005]
[345, 1830, 574, 459, 1788, 1431, 725, 441, 1093, 1118, 1061, 1022, 998, 1511, 1031, 1434]
[345, 1843, 544, 484, 1788, 1397, 737, 444, 1139, 1089, 1027, 1013, 999, 1525, 1003, 1008]
[361, 1820, 576, 455, 1788, 1431, 750, 403, 1071, 1106, 1027, 997, 1043, 1624, 692, 988]
[1192, 1861, 544, 422, 1788, 1487, 767, 457, 1076, 1117, 1027, 972, 999, 1216, 1037, 1040]
[345, 1861, 594, 435, 1764, 1392, 771, 451, 1119, 1106, 1522, 1040, 999, 1521, 971, 984]
