[1488, 9942, 2632, 1730, 10371, 6167, 447, 9932, 6303, 4874, -314, 6133, 434, -282, 5904, 2154, -391, 2929, 2163, 5000, 5000, 5000, 5000, 5000, 5000]
[1488, 9674, 2702, 781, 10000, 6252, 447, 9932, 3550, 4646, 0, 7548, 434, 0, 9429, 2112, -391, 2929, 7350, 5000, 4727, 3565, 6872, 5098, 4875]
[1503, 9942, 2540, 1730, 10371, 6455, 447, 9974, 6437, 4939, 0, 6141, 9113, 0, 6045, 2109, -391, 2929, 3736, 5000, 4991, 5000, 5107, 5018, 4922]
[1297, 9708, 2602, 1970, 10000, 5933, 717, 10000, 6477, 4649, 0, 6133, 577, 0, 5904, 1868, 0, 2929, 1908, 777, 4932, 5000, 4981, 5099, 5000]
[1488, 9803, 2650, 1730, 10371, 6167, 185, 9932, 6303, 4893, 0, 6227, 434, 0, 6073, 1948, 0, 2841, 1982, 4807, 4968, 5000, 4988, 5000, 4964]
[1194, 10000, 3425, 1579, 10000, 6171, 447, 9791, 6303, 4952, 0, 6133, 150, -282, 6144, 241, 0, 2925, 2163, 5149, 4951, 5027, 5000, 4814, 5000]
[1398, 9671, 2662, 1782, 10371, 1397, 3256, 9932, 6303, 5052, 0, 6405, 237, -282, 5786, 2154, 0, 3155, 1877, 4703, 5234, 4876, 4767, 5057, 4841]
[1454, 10000, 2632, 1645, 10000, 7372, 684, 9932, 7136, 4874, 0, 6133, 330, -282, 5904, 2154, -391, 2929, 2291, 4732, 4957, 5127, 5000, 4720, 5000]
[1551, 9968, 7019, 1730, 10371, 6046, 447, 9798, 6473, 4874, -314, 6133, 434, 0, 5904, 1987, -391, 3209, 2163, 4967, 6801, 1527, 4910, 5058, 5000]
[1249, 2596, 2692, 1929, 10000, 6167, 720, 10000, 6303, 5099, -314, 6133, 151, 0, 5714, 2033, 0, 2861, 2163, 4748, 5000, 4982, 5001, 5000, 4769]
[3998, 9816, 2341, 1869, 10000, 6054, 447, 7377, 6505, 4867, -314, 6066, 434, 0, 5904, 2211, 0, 5942, 2163, 5450, 5000, 4829, 4199, 4735, 4861]
[1488, 9702, 5002, 1487, 10000, 6317, 228, 9635, 6057, 4735, 0, 6133, 190, 0, 5904, 2154, 0, 2702, 2163, 4729, 5000, 5000, 4831, 4791, 5035]
[1545, 9803, 2475, 1725, 10000, 6442, 693, 9737, 6303, 4874, 0, 6133, 9060, 0, 5830, 2154, 0, 3000, 2117, 4956, 5000, 4801, 4752, 411, 5000]
[1269, 10000, 2550, 1453, 10000, 6167, 153, 9830, 9978, 5000, 0, 5951, 713, 0, 5869, 1886, 0, 2659, 2163, 5000, 5233, 6049, 4969, 5000, 4730]
[1763, 9942, 2632, 1687, 10000, 6392, 4337, 9900, 6303, 4874, 0, 6133, 9444, 4677, 5628, 2081, -391, 3014, 6040, 5000, 5000, 5000, 4706, 5000, 5000]
[1488, 9942, 2618, 1551, 10000, 6167, 176, 5023, 6362, 4874, 287, 5902, 434, 0, 5626, 2361, -391, 2885, 2163, 5000, 5000, 4883, 4957, 5159, 5000]
[1249, 10000, 2632, 1608, 10000, 6343, 447, 5959, 6469, 4874, 0, 6123, 523, 0, 474, 2012, 0, 3085, 2163, 5000, 4985, 7008, 5061, 5000, 5000]
[1532, 9951, 2635, 1924, 10000, 6167, 609, 10000, 6368, 4812, -314, 6035, 428, 0, 6036, 2687, 0, 5765, 2163, 5820, 5000, 5000, 5000, 4829, 4999]
[2654, 10000, 2632, 1723, 1518, 4741, 406, 9932, 6446, 4260, 0, 6054, 556, 0, 5904, 2308, 0, 3209, 2411, 5000, 5143, 5115, 5254, 5000, 5153]
[1483, 10000, 2343, 1730, 10000, 6184, 447, 9654, 6375, 7312, 0, 6374, 366, 0, 6199, 2159, 0, 2929, 2163, 4816, 5011, 4963, 4805, 5245, 9460]
[1743, 9786, 2399, 1935, 10371, 6160, 447, 1009, 6303, 5115, -314, 9840, 378, 5342, 5904, 2154, -391, 3187, 2125, 5000, 4818, 4898, 1660, 5000, 4859]
[1588, 9809, 2632, 1484, 10000, 5984, 363, 10000, 6033, 4749, 0, 6133, 434, -282, 6069, 2299, -391, 2953, 2163, 5127, 5000, 5278, 5000, 5000, 5207]
[1710, 9829, 2920, 1730, 10371, 6006, 314, 9937, 6392, 4800, 4972, 7753, 434, 0, 5739, 1916, 0, 3175, 2037, 5000, 4925, 5195, 5000, 5001, 5000]
[9728, 10000, 2597, 1730, 10371, 6167, 447, 9932, 6456, 5109, 0, 5834, 434, 8173, 5904, 2229, -391, 2850, 2258, 5000, 4811, 4829, 4846, 5264, 5132]
[1707, 10000, 2904, 1730, 10000, 6327, 211, 9744, 6465, 4831, 0, 6041, 401, 6819, 5904, 2231, 0, 2686, 2163, 4703, 4922, 5167, 5266, 5054, 5000]
[1663, 9942, 2847, 1764, 10000, 6045, 219, 9932, 6300, 4792, 0, 6133, 434, 0, 5904, 1953, 0, 3009, 2102, 5000, 4733, 4733, 5265, 5000, 5000]
[1488, 10000, 1581, 1981, 10000, 9535, 248, 9723, 6097, 5030, -314, 6133, 236, 0, 8881, 2154, 0, 2922, 2201, 5000, 5000, 5000, 5000, 5010, 4773]
[1650, 9689, 2606, 1730, 10000, 6010, 447, 9932, 6303, 4852, 0, 6037, 461, 0, 5704, 2412, 0, 2924, 2384, 4817, 4986, 5000, 5000, 4826, 5000]
[1607, 9764, 2632, 1676, 10000, 6167, 447, 9975, 6173, 4874, 0, 6337, 457, 0, 5775, 1860, -391, 2712, 2152, 4796, 5072, 4745, 4647, 5000, 4831]
[1297, 9766, 2632, 1546, 10371, 6086, 447, 10000, 6298, 4874, 0, 6275, 434, 0, 5904, 2154, 0, 2840, 1983, 4248, 4878, 5000, 4774, 9072, 5000]
[1573, 9696, 2683, 1853, 10371, 6167, 672, 9713, 6303, 4985, 0, 6036, 434, 7146, 6101, 2293, -391, 2779, 2260, 5054, 5000, 5000, 5033, 4834, 4707]
[1227, 9797, 2632, 1527, 10000, 5883, 360, 9932, 756, 4932, 6522, 5922, 434, 0, 5904, 2283, 0, 3117, 1896, 5121, 4889, 5030, 4508, 5000, 5116]
[1711, 9942, 2452, 1949, 1091, 5882, 739, 9875, 6507, 4871, 0, 6277, 434, -282, 5701, 2154, 0, 2977, 2163, 5077, 5062, 4966, 5161, 5000, 4809]
[1411, 9977, 2857, 1866, 10000, 6145, 436, 9932, 6545, 4623, 0, 6133, 516, -282, 5904, 2360, 0, 2929, 2009, 4760, 141, 3696, 4771, 1070, 5188]
[1572, 10000, 2920, 1865, 10000, 5936, 447, 9932, 6468, 4956, 0, 6250, 434, 0, 6163, 2304, 0, 2730, 2163, 5000, 5000, 5000, 4997, 5000, 4742]
[1222, 9942, 2611, 1845, 2960, 6167, 288, 9932, 6056, 4874, 0, 6133, 434, 0, 5790, 2435, 9246, 3121, 2126, 5261, 5000, 5000, 5000, 5000, 4784]
[2550, 9942, 2437, 1730, 10000, 6167, 195, 9913, 6803, 4601, 0, 5922, 476, 0, 6076, 2205, -391, 2894, 2411, 5292, 6388, 5148, 5148, 5081, 4924]
[1199, 10000, 2632, 1447, 10000, 6458, 234, 9678, 6483, 4977, -314, 6332, 608, 0, 5904, 6273, -391, 3027, 1928, 306, 4849, 5000, 5000, 4735, 5086]
[1356, 9942, 2818, 1730, 10000, 6066, 669, 9932, 6238, 4874, -314, 8187, 282, 0, 2479, 2439, 0, 3008, 2031, 5000, 5000, 4915, 5231, 4751, 3922]
[1554, 10000, 2483, 1501, 10371, 6167, 447, 9932, 6022, 7839, 0, 6133, 434, 0, 6146, 2154, 6214, 3122, 2202, 1624, 5000, 2851, 5000, 5000, 5000]
[1488, 9942, 2632, 1926, 10371, 7960, 581, 4940, 6507, 4854, -314, 6133, 412, -282, 5197, 2154, 0, 2748, 270, 4978, 5000, 4738, 5000, 5102, 4972]
[1453, 9942, 2632, 1778, 10371, 6361, 1580, 9932, 6303, 4874, 0, 6180, 434, 0, 5904, 1991, 8158, 3103, 2163, 4944, 4737, 5282, 4966, 5252, 5071]
[2147, 10000, 5013, 1730, 10000, 6167, 626, 9932, 6303, 4748, -314, 6301, 326, -282, 5652, 2017, 0, 2983, 2455, 4700, 5000, 5000, 4857, 4848, 5217]
[1488, 9928, 2509, 1919, 5851, 6214, 4710, 9932, 6580, 4874, 8517, 6133, 643, 0, 5661, 2154, 0, 3142, 2092, 7302, 5000, 5140, 5072, 5000, 7331]
[1367, 10000, 2632, 1544, 10371, 6167, 225, 9932, 6303, 4874, -314, 6133, 394, 0, 6019, 2134, 0, 2859, 2346, 4920, 5185, 4803, 4823, 5000, 5099]
[1371, 9731, 2632, 1730, 10371, 6354, 554, 9932, 6014, 4906, 0, 5906, 194, -282, 5814, 2143, 0, 2929, 2163, 5119, 4935, 5043, 5000, 5000, 5000]
[1488, 10000, 2632, 1998, 10371, 6167, 604, 9941, 6500, 5106, -314, 6133, 434, -282, 6172, 2032, 0, 2929, 2330, 4869, 5102, 4782, 5000, 5000, 4497]
[1583, 10000, 2388, 1470, 10371, 6167, 515, 10000, 6377, 4771, -314, 6060, 434, 0, 5747, 1892, 0, 2631, 2017, 4938, 5000, 4842, 5000, 5000, 4980]
[1488, 9841, 2632, 1730, 10000, 6082, 519, 9851, 6303, 4874, -314, 6133, 281, 0, 6023, 2154, 0, 3155, 2163, 5000, 4840, 5030, 4918, 4833, 4822]
[1488, 9993, 2636, 1730, 10000, 2940, 442, 6697, 9878, 4934, 9313, 6133, 434, -282, 5904, 2154, 0, 2988, 1876, 5000, 4973, 5131, 5000, 5000, 5229]
[1488, 9942, 2521, 1598, 10000, 6372, 538, 9932, 6070, 2079, 0, 6332, 434, -282, 5753, 2154, 0, 2681, 2226, 5000, 5000, 5000, 5200, 5000, 5178]
[1488, 9942, 2907, 1730, 10371, 6167, 480, 9904, 3030, 4900, 0, 6025, 497, 0, 5904, 2122, 0, 3042, 1952, 2080, 4912, 5000, 5000, 5130, 5173]
[1488, 10000, 2595, 1594, 10000, 6328, 447, 10000, 6139, 369, -314, 6244, 397, 0, 5607, 2079, 2021, 2810, 2444, 4808, 5265, 5205, 5020, 5000, 4756]
[1488, 9903, 2632, 1483, 10371, 6250, 315, 10000, 6303, 4838, 0, 5843, 495, -282, 5740, 2292, 0, 3086, 1888, 5000, 9972, 4858, 4733, 5000, 5000]
[1554, 9787, 2597, 1730, 5459, 3060, 447, 9932, 6576, 4921, 0, 6029, 394, 0, 5945, 2207, 0, 2881, 2163, 4965, 5209, 5000, 5000, 4895, 5000]
[7177, 9942, 2684, 1730, 10371, 84, 490, 9835, 6303, 4874, 0, 5848, 443, 0, 5904, 2194, -391, 2929, 2163, 5119, 5000, 5294, 5000, 3693, 4931]
[1488, 9937, 2632, 1869, 10000, 6167, 7281, 9932, 6303, 4874, 0, 6133, 434, 0, 5904, 2167, 0, 2929, 2002, 9266, 5004, 4727, 4888, 5142, 5128]
[1646, 9942, 2350, 8952, 10000, 6366, 295, 9932, 6303, 4874, -314, 5863, 434, 0, 6097, 2056, 7474, 3137, 2319, 5168, 4814, 5202, 5000, 5239, 4977]
[1686, 9942, 2632, 2010, 10000, 6402, 366, 9978, 6335, 4903, 0, 3265, 368, 0, 5904, 2060, -391, 2902, 2393, 5100, 5000, 4823, 4799, 5238, 5000]
[1347, 9942, 2400, 1730, 10000, 6245, 328, 9932, 6322, 4874, -314, 8537, 434, -282, 6006, 6485, 0, 1522, 2055, 4753, 5000, 4815, 5000, 5000, 5105]
[1511, 9751, 2632, 1730, 10000, 6229, 447, 9932, 6303, 6962, 0, 6133, 2325, 0, 5904, 2154, 0, 2738, 2163, 5027, 5222, 4723, 4838, 5025, 4881]
[1650, 10000, 2611, 378, 10000, 6058, 165, 10000, 6303, 1881, -314, 6129, 434, -282, 6026, 6953, 0, 2900, 2161, 5000, 5786, 1860, 4795, 5149, 5000]
[1620, 9909, 2483, 1526, 10000, 5997, 8914, 9967, 6549, 4751, 8816, 6133, 597, 0, 7356, 2154, -391, 2929, 2078, 4942, 4984, 5018, 5000, 4932, 3258]
[1250, 9749, 2701, 1506, 10371, 6410, 447, 9779, 6263, 4718, -314, 6054, 522, 8, 5904, 2037, 0, 2849, 8908, 5054, 5232, 5123, 4780, 5016, 4473]
[1488, 9844, 2534, 1730, 10000, 6167, 3626, 9875, 6556, 4832, 0, 6092, 141, 0, 5904, 2154, 0, 2799, 2163, 4759, 5065, 4851, 5000, 5067, 4756]
[1291, 9942, 9006, 1522, 4171, 6331, 342, 10000, 6185, 4874, 0, 6133, 684, 0, 5950, 2137, 0, 2651, 2151, 5063, 5000, 7032, 5021, 5292, 5268]
[1551, 9942, 2671, 1941, 10371, 6182, 547, 9932, 6052, 4598, 0, 6143, 594, 0, 5763, 2154, -391, 2852, 2163, 4799, 5000, 4972, 5134, 5000, 4721]
[1501, 10000, 2632, 1598, 10371, 6436, 447, 9932, 6303, 4907, 4352, 6209, 434, 0, 5781, 2154, 8533, 2788, 2163, 6414, 5209, 907, 5146, 4845, 4934]
[1579, 9942, 2632, 1440, 10000, 6167, 302, 9904, 5804, 4874, 0, 6133, 434, -282, 5646, 2068, -391, 3111, 2152, 5000, 5000, 5000, 5000, 5000, 4919]
[4136, 9876, 2632, 1684, 10371, 6167, 447, 9668, 6533, 745, -314, 6340, 434, -282, 5904, 2438, 0, 2929, 2200, 5000, 4906, 5281, 4917, 5000, 5211]
[1488, 9942, 2604, 1558, 10371, 5924, 301, 10000, 6345, 4888, 0, 6189, 434, 0, 6015, 5426, 0, 3222, 2400, 4729, 4884, 5131, 5000, 5261, 5245]
[1337, 10000, 2656, 1708, 10000, 6298, 536, 9932, 6303, 4819, 0, 6300, 519, 0, 6035, 8259, 0, 1070, 2084, 4936, 4944, 4978, 5189, 5000, 4948]
[1488, 1773, 2499, 2024, 10000, 6167, 515, 9739, 6393, 5062, 0, 5901, 434, 0, 5904, 2154, 0, 2929, 2163, 4960, 5223, 5000, 4938, 4715, 5000]
[1716, 9942, 2497, 1730, 10000, 6443, 302, 9888, 6510, 4676, -314, 6292, 648, -282, 5984, 1918, 0, 3215, 2069, 4969, 4921, 5000, 4771, 4703, 5077]
[8555, 9942, 2903, 1730, 10000, 5992, 447, 9932, 6149, 4636, -314, 6426, 411, 0, 7195, 2154, 0, 2929, 2163, 5054, 4748, 4901, 5000, 5000, 4801]
[1488, 9942, 2354, 1793, 10371, 7132, 708, 9932, 6274, 4874, -314, 6134, 377, 0, 5904, 2154, -391, 2785, 2132, 5025, 5252, 5165, 5000, 3268, 8318]
[1260, 9979, 2510, 1730, 10000, 6167, 722, 9938, 6016, 4874, 0, 6133, 198, 5427, 5904, 2154, 0, 2913, 2212, 5171, 4724, 4909, 5000, 5000, 5000]
[1488, 10000, 2632, 1730, 10000, 6439, 465, 9932, 6303, 5111, -314, 6133, 434, 0, 5667, 2154, 0, 2912, 1888, 5276, 5000, 5000, 5000, 5000, 5000]
[1488, 9942, 2461, 1730, 10000, 6254, 399, 9728, 6406, 4874, 0, 5904, 607, 0, 6062, 1878, -391, 1029, 2163, 4846, 5000, 6843, 4864, 5515, 4705]
[1194, 4098, 2632, 1923, 10371, 2368, 447, 9649, 6193, 5145, 2739, 6133, 659, 10, 5925, 2015, 0, 2875, 2017, 5273, 4833, 5299, 5222, 4711, 4717]
[1488, 9983, 2763, 1707, 10000, 6167, 302, 9685, 6210, 4874, 0, 6133, 508, -282, 5837, 2154, -391, 3025, 1982, 5047, 5000, 7945, 4974, 4750, 4912]
[1198, 9795, 2548, 1740, 10000, 6167, 156, 10000, 6291, 5070, 6112, 5981, 713, 0, 6073, 2154, 0, 3175, 2408, 5000, 5158, 5280, 4759, 5271, 5000]
[1569, 10000, 2916, 1967, 10000, 6167, 447, 9961, 6303, 4681, 0, 6133, 245, -282, 490, 1970, 0, 2929, 2449, 5000, 5000, 5132, 5000, 4813, 5000]
[3385, 9999, 2483, 138, 10371, 6167, 458, 9722, 6303, 4874, 4250, 6310, 434, 0, 8847, 2154, -391, 2667, 2293, 5059, 4752, 5048, 5172, 5120, 5079]
[1488, 9868, 9151, 1572, 10000, 6167, 589, 10000, 6080, 4874, 0, 6133, 257, 0, 112, 1911, 0, 656, 2308, 4811, 5269, 4910, 5000, 5141, 5000]
[1488, 9747, 2632, 1740, 10000, 2868, 666, 9932, 6303, 4870, 0, 6359, 501, 2843, 5922, 2179, 0, 2998, 2100, 5000, 5000, 5202, 4513, 7101, 5195]
[1656, 9642, 2632, 1730, 10000, 6167, 447, 9932, 6303, 4874, 0, 6356, 407, 0, 5781, 2277, -391, 2808, 2176, 4718, 4706, 5000, 5000, 4775, 9052]
[1488, 9942, 2522, 1613, 10000, 6167, 447, 9798, 6415, 4874, -314, 6133, 434, 2611, 6117, 2212, 0, 2958, 2163, 4890, 4974, 4969, 3692, 5125, 5094]
[1487, 9942, 2519, 1758, 10371, 5981, 1199, 9932, 6303, 4874, 5528, 6065, 186, 12, 5668, 2154, 0, 2880, 2163, 4752, 5120, 4907, 5146, 4872, 4894]
[1204, 9942, 2632, 1975, 10371, 6455, 454, 9711, 6303, 4874, 0, 6133, 434, 0, 5904, 2342, 0, 3219, 2163, 5181, 4870, 5000, 5157, 5136, 5218]
[1488, 10000, 2632, 1470, 6225, 5867, 185, 9737, 6169, 5095, 0, 5935, 334, 0, 5904, 2153, 0, 3124, 1933, 5000, 5000, 9597, 5000, 4992, 4927]
[1493, 10000, 2632, 8601, 10000, 6449, 344, 9924, 6330, 4874, -314, 6301, 652, 0, 5904, 2154, -391, 3035, 1914, 5091, 4776, 5079, 4712, 5107, 5000]
[1291, 10000, 2733, 1628, 10000, 6167, 221, 9987, 7213, 4859, -314, 6401, 544, -282, 5904, 2124, 0, 6721, 2375, 4876, 5000, 5204, 5000, 5000, 8992]
[1267, 9660, 2632, 5687, 10000, 6167, 373, 1565, 6332, 4874, 0, 6379, 660, -282, 5744, 2164, 0, 3023, 1866, 4911, 4709, 5207, 5000, 4737, 4936]
[1463, 9942, 2899, 1730, 8950, 6315, 667, 10000, 6432, 5073, -314, 6052, 434, 0, 5625, 1903, -391, 3100, 2095, 4844, 4967, 5000, 829, 4846, 5189]
[1692, 3036, 2493, 1631, 10371, 6046, 586, 10000, 6303, 4874, 0, 6133, 434, 0, 6120, 2120, -391, 2929, 2163, 5000, 5000, 8738, 5000, 5000, 5000]
[1488, 9858, 6925, 1980, 10371, 6167, 376, 9932, 6248, 4769, -314, 6133, 668, 0, 5990, 2311, 0, 2929, 2413, 5180, 4824, 4800, 4710, 5299, 4928]
[1737, 10000, 2763, 1992, 10371, 6433, 608, 9950, 6515, 4874, 0, 6044, 463, 5162, 5889, 1978, -391, 2840, 2026, 4839, 4843, 4928, 5000, 5000, 5121]
[1488, 9942, 2720, 1489, 4808, 6026, 527, 9844, 6303, 4725, -314, 6133, 193, 0, 5925, 6708, -391, 2932, 8904, 5024, 1901, 2901, 5000, 5000, 5000]
[1649, 9929, 2632, 1730, 10000, 6167, 434, 3149, 6038, 4761, 0, 6320, 622, -282, 4667, 2154, 1891, 2929, 7353, 4717, 4733, 5249, 5000, 5056, 9021]
