[346, 1895, 543, 391, 1736, 1218, 150, 1576, 1238, 800, 345, 1069, 969, 997, 999, 1001, 1262, 994, 1044]
[347, 1890, 544, 391, 1765, 1218, 154, 1583, 1243, 805, 629, 1069, 969, 997, 1002, 998, 1225, 995, 1048]
[346, 1895, 543, 391, 1736, 1218, 150, 1576, 1238, 800, 179, 1069, 969, 997, 999, 1001, 1680, 994, 1044]
[346, 1895, 546, 391, 1768, 1219, 150, 1571, 1242, 812, 307, 1072, 969, 997, 1002, 996, 1382, 998, 1045]
[346, 1895, 543, 391, 1716, 1217, 158, 1626, 1245, 802, 343, 1068, 969, 997, 999, 1000, 1276, 994, 1038]
[347, 1897, 543, 391, 1699, 1217, 159, 1629, 1246, 803, 339, 1068, 969, 997, 999, 1000, 1285, 996, 1037]
[346, 1892, 547, 392, 1773, 1219, 154, 1570, 1245, 814, 307, 1072, 969, 997, 1003, 997, 1211, 998, 1039]
[347, 1890, 543, 391, 1767, 1218, 156, 1573, 1243, 809, 424, 1069, 969, 997, 1002, 999, 1227, 995, 1043]
[348, 1893, 545, 391, 1765, 1219, 152, 1604, 1244, 796, 307, 1072, 969, 997, 1004, 997, 1222, 996, 1049]
[346, 1893, 545, 391, 1765, 1219, 152, 1601, 1245, 798, 307, 1071, 969, 997, 1003, 997, 1263, 997, 1048]
[346, 1895, 544, 391, 1768, 1219, 152, 1570, 1243, 811, 307, 1072, 969, 997, 1002, 996, 1220, 998, 1046]
[346, 1896, 544, 392, 1773, 1219, 153, 1591, 1246, 814, 522, 1071, 969, 997, 1001, 997, 1253, 998, 1038]
[357, 1895, 543, 391, 1767, 1218, 154, 1579, 1246, 813, 498, 1069, 969, 997, 1000, 998, 1230, 997, 1039]
[346, 1896, 544, 391, 1729, 1219, 150, 1572, 1238, 810, 307, 1072, 969, 997, 1002, 996, 1089, 998, 1048]
[346, 1889, 543, 391, 1741, 1218, 150, 1578, 1243, 808, 394, 1069, 969, 996, 1002, 997, 1298, 996, 1044]
[346, 1892, 544, 391, 1773, 1218, 154, 1580, 1244, 812, 334, 1069, 969, 997, 1001, 998, 1282, 996, 1042]
[346, 1894, 544, 391, 1767, 1219, 152, 1589, 1243, 805, 307, 1072, 969, 997, 1002, 996, 1221, 997, 1047]
[346, 1894, 544, 391, 1767, 1218, 153, 1571, 1242, 811, 479, 1069, 969, 997, 1002, 997, 1265, 997, 1043]
[346, 1901, 544, 392, 1774, 1219, 152, 1597, 1247, 815, 525, 1071, 969, 997, 1000, 997, 1290, 998, 1038]
[346, 1893, 546, 392, 1774, 1219, 152, 1600, 1246, 815, 307, 1071, 969, 997, 1001, 997, 1340, 998, 1038]
[346, 1894, 545, 391, 1736, 1218, 150, 1584, 1245, 801, 331, 1071, 969, 997, 1002, 999, 1212, 994, 1045]
[346, 1897, 543, 391, 1772, 1218, 153, 1584, 1245, 814, 452, 1069, 969, 997, 1000, 998, 1960, 997, 1040]
[346, 1903, 544, 393, 1775, 1219, 151, 1606, 1248, 818, 307, 1069, 969, 997, 999, 997, 1358, 998, 1034]
[347, 1894, 544, 391, 1750, 1218, 152, 1607, 1241, 800, 312, 1068, 969, 997, 999, 999, 1255, 995, 1048]
[346, 1894, 543, 391, 1769, 1218, 150, 1584, 1239, 812, 312, 1070, 969, 997, 1000, 999, 1317, 994, 1040]
[346, 1897, 543, 391, 1728, 1218, 154, 1609, 1240, 809, 382, 1068, 969, 997, 999, 1000, 1345, 995, 1038]
[346, 1892, 545, 391, 1758, 1218, 150, 1572, 1241, 805, 335, 1069, 969, 997, 1002, 997, 1245, 994, 1043]
[346, 1888, 544, 391, 1714, 1218, 150, 1595, 1243, 802, 307, 1071, 969, 996, 1002, 997, 1374, 999, 1050]
[346, 1891, 546, 391, 1744, 1219, 152, 1593, 1243, 808, 307, 1072, 969, 997, 1002, 996, 1201, 996, 1046]
[346, 1893, 544, 391, 1767, 1219, 136, 1624, 1243, 809, 307, 1072, 969, 997, 1002, 996, 1221, 996, 1047]
[347, 1894, 544, 391, 1779, 1219, 151, 1579, 1241, 801, 307, 1072, 969, 997, 1003, 996, 1624, 996, 1048]
[346, 1890, 543, 391, 1772, 1218, 153, 1581, 1245, 814, 424, 1069, 969, 997, 1001, 998, 1265, 997, 1042]
[346, 1888, 545, 391, 1749, 1218, 151, 1596, 1244, 808, 307, 1071, 969, 996, 1001, 997, 1359, 998, 1048]
[347, 1891, 547, 391, 1741, 1219, 153, 1611, 1246, 805, 307, 1072, 969, 997, 1003, 998, 1199, 994, 1046]
[346, 1896, 543, 391, 1732, 1217, 155, 1615, 1244, 804, 330, 1071, 969, 997, 1000, 997, 1323, 997, 1044]
[348, 1897, 545, 392, 1735, 1219, 151, 1617, 1247, 805, 307, 1070, 969, 997, 1000, 998, 1172, 994, 1046]
[347, 1891, 543, 391, 1754, 1217, 157, 1592, 1243, 807, 339, 1068, 969, 997, 1000, 999, 1303, 995, 1040]
[346, 1900, 545, 392, 1777, 1219, 150, 1614, 1247, 814, 307, 1068, 969, 996, 1001, 996, 1279, 996, 1045]
[346, 1902, 544, 392, 1767, 1219, 150, 1574, 1243, 811, 307, 1071, 969, 997, 1001, 996, 1371, 998, 756]
[346, 1897, 543, 391, 1720, 1217, 155, 1625, 1240, 808, 375, 1068, 969, 997, 999, 1000, 1343, 995, 1037]
[346, 1893, 546, 391, 1749, 1218, 162, 1607, 1245, 812, 298, 1072, 969, 996, 1001, 997, 1229, 997, 1041]
[346, 1891, 544, 391, 1696, 1219, 155, 1603, 1242, 805, 307, 1066, 969, 997, 1002, 996, 1296, 999, 1046]
[346, 1895, 543, 391, 1722, 1217, 151, 1597, 1240, 802, 342, 1068, 969, 991, 999, 1000, 1279, 994, 1043]
[346, 1896, 544, 391, 1766, 1219, 150, 1572, 1238, 810, 307, 1072, 969, 997, 1002, 996, 1387, 998, 1048]
[347, 1892, 543, 391, 1755, 1217, 157, 1613, 1243, 808, 420, 1068, 969, 997, 999, 999, 1269, 995, 1041]
[346, 1895, 543, 391, 1696, 1218, 152, 1594, 1246, 812, 442, 1070, 969, 997, 1001, 998, 1228, 995, 1040]
[348, 1888, 543, 391, 1698, 1216, 163, 1653, 1239, 798, 456, 1068, 969, 997, 999, 1002, 1241, 991, 1044]
[346, 1892, 545, 391, 1755, 1220, 156, 1605, 1245, 810, 307, 1069, 969, 994, 1002, 997, 1210, 999, 1039]
[346, 1893, 545, 391, 1665, 1218, 150, 1574, 1243, 807, 328, 1070, 969, 997, 999, 999, 1256, 996, 1043]
[347, 1890, 546, 391, 1714, 1219, 157, 1653, 1246, 802, 307, 1067, 969, 994, 1001, 998, 1199, 993, 1045]
