[330, 2061, 535, 423, 1014, 1200, 117, 2014, 1043, 957, 0, 1483, 165, -833, 1864, 431, 0, 0, 241, 1009, 1000, 1032, 1000, 949, 1000]
[365, 2061, 475, 423, 1883, 1154, 90, 2014, 1221, 903, 0, 1517, 122, -833, 576, 437, 0, -209, 250, 1000, 1008, 950, 992, 973, 1040]
[118, 2000, 563, 438, 1907, 1253, 118, 2014, 1212, 940, 0, 339, 169, 0, 1912, 435, 0, -209, 240, 954, 986, 997, 1035, 983, 1000]
[313, 2000, 513, 423, 1940, 1211, 117, 2000, 1258, 931, 0, 1172, 125, 0, 1912, 474, 1535, -209, 299, 974, 1000, 1022, 1044, 975, 1039]
[330, 2061, 519, 389, 1889, 1263, 85, 2014, 1258, 863, 0, 1460, 118, 0, 1078, 489, 0, 0, 241, 949, 1000, 1034, 1032, 1043, 1015]
[275, 2000, 580, 430, 1876, 1211, 61, 1981, 1234, 871, -845, 1536, 126, 0, 1870, 423, 0, -209, 308, 1014, 960, 992, 988, 1000, 994]
[290, 2061, 535, 453, 1908, 1239, 71, 2014, 1228, 860, 0, 184, 125, 0, 1904, 1393, 0, 0, 309, 1000, 990, 1000, 1000, 1000, 1017]
[330, 2000, 535, 423, 1954, 1211, 117, 2000, 1235, 903, 0, 1542, 118, 0, 1900, 412, 1113, 0, 276, 951, 970, 1000, 1004, 1000, 1024]
[356, 2061, 535, 423, 1874, 1172, 111, 2014, 1258, 885, 0, 1461, 113, 0, 1912, 509, 0, 0, 299, 983, 965, 1021, 1000, 1043, 992]
[281, 2000, 526, 385, 1907, 1229, 129, 1965, 1278, 903, -845, 1517, 94, 0, 1952, 513, 0, 0, 332, 1000, 1000, 940, 970, 1000, 1000]
[330, 2000, 566, 423, 1963, 1195, 117, 918, 1294, 913, -845, 1524, 171, -833, 1912, 507, 0, 817, 266, 1000, 379, 1000, 1012, 1041, 1031]
[359, 2061, 535, 803, 1907, 1222, 85, 2014, 1258, 921, 0, 1500, 125, -833, 1886, 467, 0, 200, 299, 1000, 967, 1034, 1045, 1000, 1000]
[335, 2061, 535, 447, 1962, 1173, 77, 2000, 1258, 911, 0, 1550, 140, 0, 1912, 516, 0, -209, 357, 968, 945, 952, 1885, 1000, 985]
[330, 2061, 522, 480, 1907, 1211, 112, 2014, 1292, 869, 0, 1483, 125, 0, 931, 1164, 1127, 0, 352, 1007, 1000, 1041, 1003, 970, 997]
[1021, 2061, 501, 434, 1860, 1195, 147, 818, 1283, 848, 0, 1526, 125, -833, 1912, 467, 771, 0, 299, 1000, 1021, 1026, 999, 997, 1050]
[334, 2000, 499, 423, 1965, 1211, 82, 2000, 1245, 903, -845, 1517, 125, 0, 1857, 416, 1532, 0, 308, 1865, 1000, 1012, 1044, 976, 1000]
[282, 2000, 535, 468, 1920, 1245, 176, 2000, 1286, 877, 0, 1517, 125, -833, 1912, 467, 0, 1962, 1129, 848, 1050, 1019, 978, 1029, 1010]
[278, 2000, 535, 407, 1925, 1259, 128, 1989, 1263, 878, 0, 1517, 90, 0, 1880, 467, 0, 0, 350, 986, 1026, 1000, 1048, 1000, 964]
[352, 2000, 535, 409, 1675, 1253, 68, 1980, 1258, 903, 0, 1469, 179, 0, 1912, 446, 0, 0, 299, 1057, 971, 1020, 959, 1000, 973]
[337, 2000, 535, 423, 1901, 1228, 102, 2000, 1258, 903, 0, 1499, 125, 0, 1912, 467, 0, 0, 299, 1037, 1000, 1015, 948, 954, 1057]
[352, 2061, 555, 411, 1907, 1211, 117, 2000, 1276, 888, 0, 1568, 85, 702, 1886, 482, 0, 0, 337, 1309, 980, 1000, 989, 1000, 988]
[330, 2061, 535, 423, 1907, 1211, 117, 2014, 1258, 903, -845, 1517, 125, -833, 1912, 467, -955, -209, 299, 1000, 1000, 1000, 1000, 1000, 1000]
[330, 2000, 489, 423, 1907, 1211, 117, 2014, 1258, 930, -845, 1517, 126, -833, 1884, 467, -955, -209, 334, 1011, 1013, 1000, 1000, 965, 1000]
[376, 2000, 514, 423, 511, 1161, 88, 2000, 1302, 929, 0, 1480, 98, 0, 1912, 467, -955, 0, 304, 1000, 1034, 1001, 997, 1028, 1000]
[330, 2000, 581, 386, 1002, 770, 104, 2000, 1314, 917, 0, 1537, 93, 0, 1882, 467, 0, -209, 249, 709, 1000, 1000, 1760, 984, 1038]
[134, 2000, 535, 962, 357, 1209, 117, 1774, 1293, 68, 0, 1560, 125, 0, 225, 467, 580, -209, 299, 1000, 1012, 964, 1000, 1027, 960]
[329, 2000, 539, 423, 1907, 1211, 1149, 1962, 1314, 859, -845, 1517, 125, 0, 1912, 511, 0, 1669, 327, 1000, 1000, 1006, 969, 1000, 987]
[293, 2000, 535, 382, 1907, 1220, 63, 1682, 1258, 961, 1649, 1505, 65, -833, 1869, 449, 0, 0, 239, 1025, 979, 1000, 1052, 940, 1016]
[356, 2061, 535, 423, 1933, 1219, 57, 2000, 1209, 885, -845, 1552, 140, 0, 1868, 407, 0, 0, 353, 447, 1040, 999, 1040, 1051, 1000]
[330, 2000, 559, 423, 1163, 1195, 67, 1972, 1297, 928, 0, 1507, 165, 0, 1912, 520, 0, 0, 310, 1034, 996, 1012, 1699, 944, 982]
[330, 2061, 535, 411, 1959, 1210, 175, 2014, 1258, 855, 0, 1513, 112, 0, 1857, 467, 0, 475, 1612, 515, 1202, 1000, 967, 996, 949]
[313, 2000, 560, 411, 1907, 1159, 130, 1955, 1258, 844, 0, 1462, 1939, -833, 1852, 467, 0, -209, 314, 1000, 1028, 1053, 1333, 1000, 1000]
[330, 1868, 504, 401, 1922, 1211, 122, 2000, 1223, 936, -845, 1525, 139, 0, 1174, 894, -955, 0, 251, 977, 999, 1055, 942, 1012, 1000]
[308, 2000, 122, 423, 1419, 1211, 77, 2000, 1202, 858, 0, 1517, 141, 0, 1948, 504, 0, 142, 349, 1000, 964, 1055, 1024, 1000, 995]
[1848, 77, 582, 432, 1950, 1210, 156, 1994, 1223, 887, 219, 854, 81, 0, 1914, 479, 0, -209, 330, 1047, 973, 1041, 946, 1031, 1000]
[279, 2061, 535, 466, 1854, 1211, 99, 1956, 1258, 903, 0, 1517, 125, 0, 1879, 467, -955, 0, 299, 1813, 982, 945, 1006, 1000, 1000]
[330, 2000, 522, 424, 1907, 102, 172, 2000, 1258, 921, 0, 1498, 85, 1791, 1912, 467, 0, 0, 327, 1059, 1000, 1000, 1035, 977, 971]
[342, 2000, 947, 423, 1907, 1198, 168, 2014, 1294, 941, 0, 1500, 125, -833, 1912, 467, 0, 0, 291, 1014, 1000, 998, 1053, 1000, 998]
[330, 2061, 1040, 416, 1875, 1218, 155, 2000, 1083, 895, 0, 1541, 109, 0, 1949, 467, 0, 0, 301, 947, 1000, 1000, 1000, 961, 985]
[308, 2000, 535, 412, 1112, 1229, 93, 2014, 1310, 903, 1803, 1515, 83, 0, 1882, 467, -955, 1430, 356, 970, 999, 1000, 997, 1000, 1024]
[86, 2061, 559, 475, 1929, 1628, 66, 2000, 1258, 858, 0, 1517, 171, -833, 1881, 517, -955, 628, 284, 951, 1643, 1000, 1025, 1034, 1000]
[330, 2000, 1884, 432, 1907, 1210, 145, 2000, 1244, 903, 1975, 1481, 98, -833, 1937, 491, 0, 0, 324, 1048, 1049, 1046, 1007, 1000, 1000]
[382, 2000, 535, 386, 1903, 1211, 65, 2014, 1258, 843, 0, 1517, 1443, 0, 1858, 526, -955, 0, 324, 968, 1023, 1554, 914, 1040, 1004]
[382, 2061, 535, 411, 1914, 1211, 1916, 2014, 1258, 1299, -845, 1481, 115, -833, 1912, 413, 1347, 735, 1703, 989, 962, 948, 949, 1026, 1000]
[330, 2000, 535, 423, 1907, 1211, 130, 2000, 1294, 939, 0, 1535, 170, 0, 1913, 419, 0, -209, 280, 1009, 1000, 1859, 954, 978, 1000]
[330, 2061, 535, 370, 1907, 1211, 154, 2000, 1258, 847, 0, 1568, 125, 0, 1355, 468, 1004, 0, 287, 1000, 1000, 86, 1034, 1000, 1047]
[1830, 951, 535, 464, 1905, 1979, 1872, 2014, 1935, 923, 1844, 1511, 316, -833, 1954, 426, 0, 0, 350, 1000, 969, 1000, 1000, 955, 1000]
[358, 2000, 535, 391, 1907, 1211, 117, 2014, 1240, 903, 0, 1563, 139, -833, 1943, 432, 0, 0, 262, 1028, 1000, 1006, 954, 1933, 1013]
[330, 2000, 484, 456, 1907, 1188, 117, 1992, 1365, 903, 0, 1517, 880, 0, 1932, 486, 0, 0, 299, 1000, 1000, 1000, 991, 155, 1000]
[280, 2000, 582, 1596, 1873, 1255, 59, 2014, 1258, 873, 0, 1518, 125, 0, 1872, 467, 0, 0, 318, 1000, 1000, 1000, 976, 384, 1000]
