[330, 2061, 535, 478, 2007, 1202, 122, 2011, 1245, 795, 12, 1228, 104, 293, 1160, 507, 184, 633, 319, 1000, 1000, 1000, 1000, 1000, 1000]
[761, 2000, 495, 478, 2000, 1230, 96, 2011, 1301, 795, 0, 1228, 104, 330, 1202, 500, 158, 633, 277, 985, 1059, 994, 1000, 1511, 1937]
[330, 2061, 535, 418, 1979, 1202, 163, 1968, 1245, 776, 0, 1228, 66, 1634, 1151, 507, 163, 633, 319, 956, 1023, 992, 998, 967, 1000]
[346, 1861, 535, 478, 1947, 1202, 66, 2011, 1245, 834, 0, 1260, 104, 247, 1007, 467, 215, 675, 370, 1233, 1000, 1058, 1000, 952, 1039]
[278, 2000, 497, 508, 1948, 1202, 109, 1984, 1288, 747, 7, 1236, 67, 287, 1160, 541, 184, 662, 1696, 1012, 1000, 1000, 1000, 335, 1000]
[330, 2000, 494, 478, 2007, 1202, 90, 2011, 1284, 163, 1123, 1228, 44, 245, 1160, 565, 162, 616, 1106, 1021, 1000, 1034, 1043, 1023, 1020]
[330, 2061, 558, 478, 2000, 1202, 161, 2011, 1187, 786, 3, 148, 76, 242, 1207, 459, 151, 633, 286, 981, 1000, 972, 1052, 1000, 364]
[328, 2000, 535, 478, 2000, 1160, 122, 2011, 1244, 795, 15, 1176, 104, 300, 1160, 306, 148, 633, 319, 1014, 951, 1000, 1001, 1030, 942]
[384, 2061, 535, 515, 2000, 1223, 74, 2011, 1226, 762, 12, 1225, 136, 325, 1177, 513, 345, 633, 361, 1045, 979, 1007, 1028, 948, 988]
[330, 1843, 493, 478, 2000, 1202, 843, 2000, 1279, 822, 47, 1255, 104, 242, 1218, 520, 184, 576, 345, 487, 1000, 992, 944, 1000, 1030]
[362, 2000, 587, 521, 2000, 1202, 134, 1989, 1232, 759, 0, 1228, 160, 373, 1161, 1165, 185, 633, 302, 969, 1048, 1025, 957, 940, 1000]
[330, 2000, 524, 478, 2007, 1202, 122, 2000, 1297, 809, 1709, 1227, 127, 293, 1210, 507, 231, 642, 274, 1003, 982, 970, 1037, 1000, 971]
[378, 2061, 446, 531, 2007, 1168, 164, 1985, 1269, 745, 1232, 1211, 97, 291, 1157, 516, 184, 658, 304, 414, 1000, 987, 1000, 1000, 967]
[280, 2061, 564, 651, 1602, 1233, 94, 2000, 1193, 790, 288, 1205, 156, 312, 1184, 495, 1960, 587, 333, 1010, 944, 965, 1000, 996, 1000]
[360, 2000, 536, 478, 1953, 1202, 68, 2000, 1245, 849, 25, 1204, 70, 267, 1219, 507, 158, 585, 319, 966, 980, 976, 969, 1014, 947]
[283, 2000, 502, 478, 2000, 1202, 122, 2000, 1299, 795, 39, 1228, 113, 293, 1153, 507, 177, 677, 345, 1000, 968, 1032, 1025, 1059, 971]
[321, 2000, 1824, 466, 2000, 1213, 129, 2000, 1301, 785, 39, 1228, 128, 1617, 1160, 473, 681, 609, 317, 948, 1000, 1040, 1000, 980, 962]
[295, 2000, 580, 478, 1963, 1218, 122, 1957, 1245, 1891, 0, 1228, 113, 429, 1214, 1357, 220, 674, 305, 1000, 985, 948, 1038, 1000, 1000]
[311, 672, 552, 515, 1976, 1202, 1063, 1955, 1273, 795, 12, 1281, 130, 238, 1193, 1200, 184, 633, 319, 1000, 1022, 1009, 327, 950, 1055]
[340, 2061, 477, 465, 2007, 1206, 122, 1955, 1245, 814, 16, 1191, 135, 308, 1203, 507, 203, 631, 319, 958, 1006, 943, 1090, 945, 1000]
[330, 2000, 593, 439, 1973, 1207, 181, 2011, 1245, 849, 2, 1243, 104, 293, 1160, 541, 184, 633, 290, 7, 1058, 1000, 1000, 955, 951]
[387, 2061, 535, 423, 2007, 1202, 122, 1979, 1245, 852, 12, 1204, 59, 346, 1110, 507, 167, 686, 368, 1000, 948, 1000, 1000, 990, 1000]
[330, 605, 550, 478, 1663, 1223, 62, 1989, 1245, 833, 12, 1231, 115, 1839, 1142, 455, 237, 633, 286, 1729, 1059, 1000, 960, 1021, 1020]
[355, 2000, 535, 510, 2000, 1250, 122, 1969, 1907, 818, 0, 1199, 104, 332, 193, 532, 243, 633, 299, 1000, 977, 1000, 1003, 1016, 1000]
[330, 2000, 521, 464, 2007, 1255, 690, 1980, 1245, 753, 194, 1197, 90, 74, 1165, 479, 998, 633, 319, 1040, 1051, 1035, 1000, 1000, 946]
[289, 2000, 535, 490, 2007, 1255, 122, 2000, 615, 795, 0, 1171, 104, 249, 1391, 507, 218, 923, 364, 1000, 1317, 1000, 1000, 1000, 1008]
[272, 2061, 565, 396, 2000, 1212, 84, 2011, 1288, 809, 47, 1265, 55, 293, 1215, 507, 199, 620, 264, 1037, 987, 941, 1000, 951, 1000]
[364, 2000, 535, 444, 1978, 1202, 178, 2000, 1292, 806, 0, 1048, 66, 288, 1129, 507, 142, 648, 319, 1019, 991, 1011, 1014, 1320, 944]
[300, 2000, 519, 478, 2000, 1159, 157, 2000, 1220, 772, 12, 1271, 54, 271, 1128, 453, 156, 618, 264, 958, 973, 1810, 968, 1000, 989]
[325, 2000, 142, 478, 2007, 1202, 122, 2011, 1289, 772, 0, 1267, 126, 293, 1436, 479, 234, 661, 367, 1267, 1037, 981, 369, 1655, 1018]
[336, 2061, 535, 478, 1996, 1193, 122, 2000, 1251, 763, 12, 1244, 79, 294, 1207, 507, 204, 668, 283, 1000, 1037, 1000, 984, 1058, 956]
[352, 2000, 577, 478, 2000, 1202, 122, 2000, 1278, 795, 12, 1202, 1386, 318, 1160, 507, 231, 753, 319, 1005, 1000, 1056, 1000, 990, 1053]
[330, 2000, 584, 478, 1996, 1159, 78, 2000, 1233, 747, 0, 1255, 104, 293, 1160, 452, 138, 655, 319, 1055, 986, 982, 1000, 1000, 959]
[330, 2000, 535, 503, 2007, 218, 163, 2011, 1265, 758, 1885, 1230, 683, 293, 1141, 496, 124, 682, 369, 1000, 1000, 1042, 1050, 1000, 1055]
[330, 2000, 552, 408, 1963, 1244, 11, 1995, 1245, 795, 0, 242, 97, 301, 1203, 507, 206, 633, 313, 948, 965, 1003, 1229, 125, 958]
[284, 2000, 507, 478, 2000, 1168, 162, 2011, 1245, 795, 12, 1228, 125, 302, 1201, 507, 1357, 589, 319, 1002, 1046, 957, 540, 960, 1034]
[330, 2061, 700, 491, 1995, 1247, 143, 2000, 1245, 831, 12, 1208, 65, 293, 1163, 507, 130, 633, 356, 956, 1000, 1000, 1026, 994, 985]
[330, 2061, 582, 449, 2000, 1170, 122, 2011, 1267, 1794, 36, 1192, 104, 293, 1160, 541, 168, 660, 319, 1877, 976, 997, 1000, 1006, 1045]
[272, 1356, 535, 432, 1920, 1225, 168, 2011, 1245, 840, 33, 1228, 63, 293, 1105, 507, 1461, 607, 345, 1000, 1026, 1000, 948, 969, 1000]
[347, 2000, 535, 478, 2007, 1202, 122, 1996, 1304, 748, 262, 1253, 104, 293, 1160, 506, 184, 625, 319, 1022, 1000, 991, 996, 945, 1045]
[330, 2000, 535, 468, 2007, 1216, 122, 1952, 1847, 791, 12, 1205, 1458, 293, 1160, 507, 193, 633, 371, 1017, 1000, 961, 1000, 1015, 1041]
[284, 2000, 547, 486, 1971, 1202, 122, 2000, 1245, 806, 0, 1216, 123, 293, 1167, 507, 689, 602, 350, 1000, 959, 1000, 1000, 1013, 1000]
[330, 2000, 508, 70, 1987, 1202, 122, 2000, 1762, 837, 0, 1279, 104, 346, 1127, 460, 184, 666, 319, 977, 1000, 1000, 1057, 1000, 1046]
[330, 2000, 1845, 478, 1957, 1248, 116, 2000, 1245, 846, 12, 1194, 141, 263, 1130, 564, 126, 1541, 285, 1021, 1002, 1000, 1000, 1000, 1000]
[330, 2000, 568, 1101, 2007, 1202, 122, 1988, 1259, 311, 0, 1228, 58, 298, 1160, 490, 189, 670, 303, 1058, 956, 950, 1000, 1001, 1026]
[330, 2061, 535, 478, 2000, 1187, 164, 2011, 1211, 802, 30, 1740, 140, 324, 1160, 493, 194, 1346, 319, 1000, 1027, 1000, 1000, 1055, 1000]
[371, 2000, 567, 478, 1304, 1202, 139, 435, 1233, 795, 0, 1228, 104, 293, 1174, 494, 213, 577, 300, 1000, 993, 1000, 948, 998, 1000]
[297, 2000, 535, 517, 2007, 1147, 122, 1957, 1208, 742, 12, 1271, 104, 243, 1158, 545, 129, 573, 319, 986, 1252, 998, 1030, 942, 1000]
[330, 679, 527, 437, 1970, 1202, 134, 2000, 1226, 744, 0, 1237, 104, 294, 1160, 486, 214, 633, 294, 1000, 1000, 1040, 973, 1000, 1000]
[332, 2061, 556, 419, 1985, 1193, 129, 1994, 1281, 786, 12, 1228, 134, 293, 1132, 546, 135, 634, 319, 1000, 1262, 1002, 976, 554, 1000]
