[2069, 9987, 3028, 3044, 9899, 6966, 3049, 831, 6937, 2708, 759, 3051, 2526, 4984, 4996, 4997, 7583, 5000, 4694]
[2069, 9987, 3028, 3044, 9899, 6966, 3049, 831, 6937, 2708, 759, 3051, 2526, 4984, 4996, 4997, 6241, 5000, 4694]
[2069, 9987, 3028, 3044, 9899, 6966, 3049, 831, 6937, 2708, 758, 3051, 2527, 4984, 4996, 4997, 6932, 5000, 4693]
[2069, 9987, 3028, 3044, 9899, 6966, 3049, 831, 6937, 2708, 758, 3051, 2527, 4984, 4996, 4997, 6491, 5000, 4693]
[2069, 9987, 3028, 3044, 9899, 6966, 3049, 831, 6937, 2708, 758, 3051, 2527, 4984, 4996, 4997, 7939, 5000, 4693]
[2069, 9987, 3028, 3044, 9899, 6966, 3049, 831, 6937, 2708, 758, 3051, 2527, 4984, 4996, 4997, 7268, 5000, 4693]
[2069, 9987, 3028, 3044, 9899, 6966, 3049, 831, 6937, 2708, 759, 3051, 2526, 4984, 4996, 4997, 7572, 5000, 4693]
[2069, 9987, 3028, 3044, 9899, 6966, 3049, 831, 6937, 2708, 758, 3051, 2526, 4984, 4996, 4997, 6256, 5000, 4693]
[2069, 9987, 3028, 3044, 9899, 6966, 3049, 831, 6937, 2708, 758, 3051, 2526, 4984, 4996, 4997, 6392, 5000, 4693]
[2069, 9987, 3028, 3044, 9899, 6966, 3049, 831, 6937, 2708, 758, 3051, 2526, 4984, 4996, 4997, 7192, 5000, 4693]
[2069, 9987, 3028, 3044, 9899, 6966, 3049, 831, 6937, 2708, 758, 3051, 2526, 4984, 4996, 4997, 7112, 5000, 4693]
[2069, 9987, 3028, 3044, 9900, 6966, 3049, 831, 6937, 2708, 758, 3051, 2527, 4984, 4996, 4997, 7264, 5000, 4692]
[2069, 9987, 3028, 3044, 9899, 6966, 3049, 831, 6937, 2708, 758, 3051, 2527, 4984, 4996, 4997, 6837, 5000, 4692]
[2069, 9987, 3028, 3044, 9899, 6966, 3049, 831, 6937, 2708, 758, 3051, 2527, 4984, 4996, 4997, 7186, 5000, 4692]
[2069, 9987, 3028, 3044, 9899, 6966, 3049, 831, 6937, 2708, 758, 3051, 2527, 4984, 4996, 4997, 6582, 5000, 4692]
[2069, 9987, 3028, 3044, 9899, 6966, 3049, 831, 6937, 2708, 758, 3051, 2527, 4984, 4996, 4997, 6919, 5000, 4692]
[2069, 9987, 3028, 3044, 9899, 6966, 3049, 831, 6937, 2708, 759, 3051, 2526, 4984, 4996, 4997, 6626, 5000, 4692]
[2069, 9987, 3028, 3044, 9899, 6966, 3049, 831, 6937, 2708, 758, 3051, 2526, 4984, 4996, 4997, 7642, 5000, 4692]
[2069, 9987, 3028, 3044, 9899, 6966, 3049, 831, 6937, 2708, 758, 3051, 2526, 4984, 4996, 4997, 7357, 5000, 4692]
[2069, 9987, 3028, 3044, 9899, 6966, 3049, 831, 6937, 2708, 758, 3051, 2527, 4984, 4996, 4997, 6731, 5000, 4691]
[2069, 9987, 3028, 3044, 9899, 6966, 3049, 831, 6937, 2708, 758, 3051, 2527, 4984, 4996, 4997, 6768, 5000, 4691]
[2069, 9987, 3028, 3044, 9899, 6966, 3049, 831, 6937, 2708, 758, 3051, 2527, 4984, 4996, 4997, 7216, 5000, 4691]
[2069, 9987, 3028, 3044, 9899, 6966, 3049, 831, 6937, 2708, 758, 3051, 2527, 4984, 4996, 4997, 7267, 5000, 4691]
[2069, 9987, 3028, 3044, 9899, 6966, 3049, 831, 6937, 2708, 759, 3051, 2526, 4984, 4996, 4997, 7574, 5000, 4691]
[2069, 9987, 3028, 3044, 9899, 6966, 3049, 831, 6937, 2708, 759, 3051, 2526, 4984, 4996, 4997, 7540, 5000, 4691]
[2069, 9987, 3028, 3044, 9899, 6966, 3049, 831, 6937, 2708, 758, 3051, 2526, 4984, 4996, 4997, 7000, 5000, 4691]
[2069, 9987, 3028, 3044, 9899, 6966, 3049, 831, 6937, 2708, 758, 3051, 2526, 4984, 4996, 4997, 6432, 5000, 4691]
[2069, 9987, 3028, 3044, 9899, 6966, 3049, 831, 6937, 2708, 758, 3051, 2526, 4984, 4996, 4997, 7516, 5000, 4691]
[2069, 9987, 3028, 3044, 9899, 6966, 3049, 831, 6937, 2708, 758, 3051, 2529, 4984, 4996, 4997, 6735, 5000, 4690]
[2069, 9987, 3028, 3044, 9899, 6966, 3049, 831, 6937, 2708, 758, 3051, 2529, 4984, 4996, 4997, 6762, 5000, 4690]
[2069, 9987, 3028, 3044, 9899, 6966, 3049, 831, 6937, 2708, 758, 3051, 2529, 4984, 4996, 4997, 6477, 5000, 4690]
[2069, 9987, 3028, 3044, 9899, 6966, 3049, 831, 6937, 2708, 758, 3051, 2529, 4984, 4996, 4997, 6220, 5000, 4690]
[2069, 9987, 3028, 3044, 9899, 6966, 3049, 831, 6937, 2708, 758, 3051, 2529, 4984, 4996, 4997, 6654, 5000, 4690]
[2069, 9987, 3028, 3044, 9899, 6966, 3049, 831, 6937, 2708, 758, 3051, 2529, 4984, 4996, 4997, 5386, 5000, 4690]
[2069, 9987, 3028, 3044, 9899, 6966, 3049, 831, 6937, 2708, 758, 3051, 2529, 4984, 4996, 4997, 6863, 5000, 4690]
[2069, 9987, 3028, 3044, 9899, 6966, 3049, 831, 6937, 2708, 758, 3051, 2529, 4984, 4996, 4997, 6481, 5000, 4690]
[2069, 9987, 3028, 3044, 9899, 6966, 3049, 831, 6937, 2708, 758, 3051, 2529, 4984, 4996, 4997, 6723, 5000, 4690]
[2069, 9987, 3028, 3044, 9899, 6966, 3049, 831, 6937, 2708, 758, 3051, 2529, 4984, 4996, 4997, 6602, 5000, 4690]
[2069, 9987, 3028, 3044, 9899, 6966, 3049, 831, 6937, 2708, 758, 3051, 2529, 4984, 4996, 4997, 6900, 5000, 4690]
[2069, 9987, 3028, 3044, 9899, 6966, 3049, 831, 6937, 2708, 758, 3051, 2529, 4984, 4996, 4997, 6652, 5000, 4690]
[2069, 9987, 3028, 3044, 9899, 6966, 3049, 831, 6937, 2708, 758, 3051, 2529, 4984, 4996, 4997, 6699, 5000, 4690]
[2069, 9987, 3028, 3044, 9899, 6966, 3049, 831, 6937, 2708, 758, 3051, 2529, 4984, 4996, 4997, 5920, 5000, 4690]
[2069, 9987, 3028, 3044, 9899, 6966, 3049, 831, 6937, 2708, 758, 3051, 2529, 4984, 4996, 4997, 6886, 5000, 4690]
[2069, 9987, 3028, 3044, 9899, 6966, 3049, 831, 6937, 2708, 758, 3051, 2528, 4984, 4996, 4997, 7800, 5000, 4690]
[2069, 9987, 3028, 3044, 9899, 6966, 3049, 831, 6937, 2708, 758, 3051, 2528, 4984, 4996, 4997, 6692, 5000, 4690]
[2069, 9987, 3028, 3044, 9899, 6966, 3049, 831, 6937, 2708, 758, 3051, 2528, 4984, 4996, 4997, 7795, 5000, 4690]
[2069, 9987, 3028, 3044, 9899, 6966, 3049, 831, 6937, 2708, 758, 3051, 2528, 4984, 4996, 4997, 6866, 5000, 4690]
[2069, 9987, 3028, 3044, 9899, 6966, 3049, 831, 6937, 2708, 758, 3051, 2528, 4984, 4996, 4997, 7912, 5000, 4690]
[2069, 9987, 3028, 3044, 9899, 6966, 3049, 831, 6937, 2708, 758, 3051, 2528, 4984, 4996, 4997, 7269, 5000, 4690]
[2069, 9987, 3028, 3044, 9899, 6966, 3049, 831, 6937, 2708, 758, 3051, 2528, 4984, 4996, 4997, 7267, 5000, 4690]
[2069, 9987, 3028, 3044, 9899, 6966, 3049, 831, 6937, 2708, 758, 3051, 2528, 4984, 4996, 4997, 7743, 5000, 4690]
[2069, 9987, 3028, 3044, 9899, 6966, 3049, 831, 6937, 2708, 758, 3051, 2528, 4984, 4996, 4997, 8264, 5000, 4690]
[2069, 9987, 3028, 3044, 9899, 6966, 3049, 831, 6937, 2708, 758, 3051, 2528, 4984, 4996, 4997, 7036, 5000, 4690]
[2069, 9987, 3028, 3044, 9899, 6966, 3049, 831, 6937, 2708, 758, 3051, 2528, 4984, 4996, 4997, 7589, 5000, 4690]
[2069, 9987, 3028, 3044, 9899, 6966, 3049, 831, 6937, 2708, 758, 3051, 2528, 4984, 4996, 4997, 6836, 5000, 4690]
[2069, 9987, 3028, 3044, 9899, 6966, 3049, 831, 6937, 2708, 758, 3051, 2528, 4984, 4996, 4997, 6746, 5000, 4690]
[2069, 9987, 3028, 3044, 9899, 6966, 3049, 831, 6937, 2708, 758, 3051, 2528, 4984, 4996, 4997, 7060, 5000, 4690]
[2069, 9987, 3028, 3044, 9899, 6966, 3049, 831, 6937, 2708, 758, 3051, 2528, 4984, 4996, 4997, 6583, 5000, 4690]
[2069, 9987, 3028, 3044, 9899, 6966, 3049, 831, 6937, 2708, 758, 3051, 2528, 4984, 4996, 4997, 8030, 5000, 4690]
[2069, 9987, 3028, 3044, 9899, 6966, 3049, 831, 6937, 2708, 758, 3051, 2528, 4984, 4996, 4997, 7234, 5000, 4690]
[2069, 9987, 3028, 3044, 9899, 6966, 3049, 831, 6937, 2708, 758, 3051, 2528, 4984, 4996, 4997, 6657, 5000, 4690]
[2069, 9987, 3028, 3044, 9899, 6966, 3049, 831, 6937, 2708, 758, 3051, 2528, 4984, 4996, 4997, 7639, 5000, 4690]
[2069, 9987, 3028, 3044, 9899, 6966, 3049, 831, 6937, 2708, 758, 3051, 2528, 4984, 4996, 4997, 7048, 5000, 4690]
[2069, 9987, 3028, 3044, 9899, 6966, 3049, 831, 6937, 2708, 758, 3051, 2528, 4984, 4996, 4997, 7047, 5000, 4690]
[2069, 9987, 3028, 3044, 9899, 6966, 3049, 831, 6937, 2708, 758, 3051, 2528, 4984, 4996, 4997, 7262, 5000, 4690]
[2069, 9987, 3028, 3044, 9899, 6966, 3049, 831, 6937, 2708, 758, 3051, 2528, 4984, 4996, 4997, 6622, 5000, 4690]
[2069, 9987, 3028, 3044, 9899, 6966, 3049, 831, 6937, 2708, 758, 3051, 2528, 4984, 4996, 4997, 6902, 5000, 4690]
[2069, 9987, 3028, 3044, 9899, 6966, 3049, 831, 6937, 2708, 758, 3051, 2528, 4984, 4996, 4997, 7176, 5000, 4690]
[2069, 9987, 3028, 3044, 9899, 6966, 3049, 831, 6937, 2708, 758, 3051, 2528, 4984, 4996, 4997, 7940, 5000, 4690]
[2069, 9987, 3028, 3044, 9899, 6966, 3049, 831, 6937, 2708, 758, 3051, 2528, 4984, 4996, 4997, 6747, 5000, 4690]
[2069, 9987, 3028, 3044, 9899, 6966, 3049, 831, 6937, 2708, 758, 3051, 2528, 4984, 4996, 4997, 7270, 5000, 4690]
[2069, 9987, 3028, 3044, 9899, 6966, 3049, 831, 6937, 2708, 758, 3051, 2528, 4984, 4996, 4997, 6526, 5000, 4690]
[2069, 9987, 3028, 3044, 9899, 6966, 3049, 831, 6937, 2708, 758, 3051, 2528, 4984, 4996, 4997, 8636, 5000, 4690]
[2069, 9987, 3028, 3044, 9899, 6966, 3049, 831, 6937, 2708, 758, 3051, 2528, 4984, 4996, 4997, 6800, 5000, 4690]
[2069, 9987, 3028, 3044, 9899, 6966, 3049, 831, 6937, 2708, 758, 3051, 2528, 4984, 4996, 4997, 6618, 5000, 4690]
[2069, 9987, 3028, 3044, 9899, 6966, 3049, 831, 6937, 2708, 758, 3051, 2528, 4984, 4996, 4997, 7028, 5000, 4690]
[2069, 9987, 3028, 3044, 9899, 6966, 3049, 831, 6937, 2708, 758, 3051, 2528, 4984, 4996, 4997, 6896, 5000, 4690]
[2069, 9987, 3028, 3044, 9899, 6966, 3049, 831, 6937, 2708, 758, 3051, 2528, 4984, 4996, 4997, 6579, 5000, 4690]
[2069, 9987, 3028, 3044, 9899, 6966, 3049, 831, 6937, 2708, 758, 3051, 2528, 4984, 4996, 4997, 6580, 5000, 4690]
[2069, 9987, 3028, 3044, 9899, 6966, 3049, 831, 6937, 2708, 758, 3051, 2528, 4984, 4996, 4997, 6608, 5000, 4690]
[2069, 9987, 3028, 3044, 9899, 6966, 3049, 831, 6937, 2708, 758, 3051, 2530, 4984, 4996, 4997, 6875, 5000, 4690]
[2069, 9987, 3028, 3044, 9899, 6966, 3049, 831, 6937, 2708, 758, 3051, 2527, 4984, 4996, 4997, 6638, 5000, 4690]
[2069, 9987, 3028, 3044, 9899, 6966, 3049, 831, 6937, 2708, 758, 3051, 2527, 4984, 4996, 4997, 6770, 5000, 4690]
[2069, 9987, 3028, 3044, 9899, 6966, 3049, 831, 6937, 2708, 758, 3051, 2527, 4984, 4996, 4997, 6445, 5000, 4690]
[2069, 9987, 3028, 3044, 9899, 6966, 3049, 831, 6937, 2708, 758, 3051, 2527, 4984, 4996, 4997, 6513, 5000, 4690]
[2069, 9987, 3028, 3044, 9899, 6966, 3049, 831, 6937, 2708, 758, 3051, 2527, 4984, 4996, 4997, 8808, 5000, 4690]
[2069, 9987, 3028, 3044, 9899, 6966, 3049, 831, 6937, 2708, 758, 3051, 2527, 4984, 4996, 4997, 7738, 5000, 4690]
[2069, 9987, 3028, 3044, 9899, 6966, 3049, 831, 6937, 2708, 758, 3051, 2527, 4984, 4996, 4997, 6837, 5000, 4690]
[2069, 9987, 3028, 3044, 9899, 6966, 3049, 831, 6937, 2708, 758, 3051, 2527, 4984, 4996, 4997, 6657, 5000, 4690]
[2069, 9987, 3028, 3044, 9899, 6966, 3049, 831, 6937, 2708, 758, 3051, 2527, 4984, 4996, 4997, 8494, 5000, 4690]
[2069, 9987, 3028, 3044, 9899, 6966, 3049, 831, 6937, 2708, 758, 3051, 2527, 4984, 4996, 4997, 7508, 5000, 4690]
[2069, 9987, 3028, 3044, 9899, 6966, 3049, 831, 6937, 2708, 758, 3051, 2527, 4984, 4996, 4997, 6999, 5000, 4690]
[2069, 9987, 3028, 3044, 9899, 6966, 3049, 831, 6937, 2708, 758, 3051, 2527, 4984, 4996, 4997, 6956, 5000, 4690]
[2069, 9987, 3028, 3044, 9899, 6966, 3049, 831, 6937, 2708, 758, 3051, 2527, 4984, 4996, 4997, 7579, 5000, 4690]
[2069, 9987, 3028, 3044, 9899, 6966, 3049, 831, 6937, 2708, 758, 3051, 2527, 4984, 4996, 4997, 6606, 5000, 4690]
[2069, 9987, 3028, 3044, 9899, 6966, 3049, 831, 6937, 2708, 758, 3051, 2527, 4984, 4996, 4997, 6826, 5000, 4690]
[2069, 9987, 3028, 3044, 9899, 6966, 3049, 831, 6937, 2708, 758, 3051, 2527, 4984, 4996, 4997, 7162, 5000, 4690]
[2069, 9987, 3028, 3044, 9899, 6966, 3049, 831, 6937, 2708, 758, 3051, 2527, 4984, 4996, 4997, 6931, 5000, 4690]
[2069, 9987, 3028, 3044, 9899, 6966, 3049, 831, 6937, 2708, 758, 3051, 2527, 4984, 4996, 4997, 6226, 5000, 4690]
[2069, 9987, 3028, 3044, 9899, 6966, 3049, 831, 6937, 2708, 758, 3051, 2527, 4984, 4996, 4997, 7005, 5000, 4690]
