[828, 5087, 6467, 844, 4982, 7487, 1383, 5032, 5327, 2670, 1486, 4230, 1159, 3927, 3948, 1523, 5087, 3405, 1631, 2445, 4186, 3454, 4980, 4975, 4999, 2814, 4944, 2254]
[828, 5087, 6467, 844, 4982, 7487, 1384, 5032, 5327, 2670, 1489, 4230, 1159, 3927, 3948, 1523, 5076, 3405, 1631, 2443, 4186, 3457, 4980, 4975, 4999, 2849, 4944, 2254]
[828, 5087, 6467, 844, 4982, 7486, 1384, 4953, 5327, 2670, 1485, 4230, 1159, 3926, 3944, 1526, 5090, 3404, 1634, 2424, 4186, 3442, 4980, 4975, 4999, 2950, 4944, 2265]
[828, 5087, 6467, 844, 4982, 7487, 1384, 5032, 5327, 2670, 1486, 4230, 1159, 3927, 3948, 1523, 5088, 3405, 1631, 2443, 4186, 3456, 4980, 4975, 4999, 2787, 4944, 2254]
[828, 5088, 6467, 844, 4982, 7487, 1386, 5032, 5327, 2670, 1490, 4230, 1159, 3927, 3948, 1523, 5076, 3406, 1631, 2450, 4186, 3458, 4980, 4975, 4999, 2851, 4944, 2255]
[828, 5087, 6467, 844, 4982, 7487, 1385, 5032, 5327, 2670, 1487, 4230, 1159, 3927, 3948, 1523, 5079, 3405, 1631, 2444, 4186, 3457, 4980, 4975, 4999, 2806, 4944, 2254]
[828, 5087, 6467, 844, 4982, 7487, 1383, 5032, 5327, 2670, 1486, 4230, 1159, 3928, 3948, 1523, 5076, 3405, 1631, 2447, 4186, 3437, 4980, 4975, 4999, 2838, 4944, 2254]
[828, 5087, 6467, 844, 4982, 7486, 1383, 4974, 5327, 2670, 1493, 4230, 1159, 3928, 3948, 1523, 5065, 3404, 1634, 2428, 4186, 3422, 4980, 4975, 4999, 3223, 4944, 2253]
[828, 5087, 6467, 844, 4982, 7487, 1383, 5032, 5327, 2670, 1486, 4230, 1159, 3927, 3948, 1523, 5103, 3405, 1631, 2433, 4186, 3436, 4980, 4975, 4999, 2769, 4944, 2254]
[828, 5087, 6467, 844, 4982, 7486, 1383, 5023, 5327, 2670, 1495, 4230, 1159, 3927, 3947, 1523, 5075, 3404, 1637, 2452, 4186, 3442, 4980, 4975, 4999, 2864, 4944, 2252]
[828, 5087, 6467, 844, 4982, 7487, 1383, 5032, 5327, 2670, 1486, 4230, 1159, 3927, 3948, 1523, 5090, 3405, 1631, 2440, 4186, 3426, 4980, 4975, 4999, 2774, 4944, 2254]
[828, 5087, 6467, 844, 4982, 7487, 1383, 5032, 5327, 2670, 1486, 4230, 1159, 3929, 3948, 1524, 5104, 3405, 1631, 2421, 4186, 3425, 4980, 4975, 4999, 2767, 4944, 2254]
[828, 5088, 6467, 845, 4982, 7486, 1385, 4995, 5327, 2670, 1484, 4230, 1159, 3926, 3944, 1522, 5086, 3404, 1631, 2080, 4186, 3447, 4980, 4975, 4999, 2963, 4944, 2272]
[828, 5087, 6467, 844, 4982, 7486, 1382, 4938, 5327, 2670, 1489, 4230, 1159, 3928, 3946, 1523, 5066, 3404, 1634, 2448, 4186, 3422, 4980, 4975, 4999, 2877, 4944, 2252]
[828, 5088, 6467, 844, 4983, 7486, 1382, 4934, 5327, 2670, 1504, 4230, 1159, 3928, 3946, 1525, 5064, 3404, 1638, 2454, 4187, 3420, 4980, 4975, 4999, 2889, 4944, 2252]
[828, 5088, 6467, 844, 5021, 7486, 1384, 4885, 5327, 2670, 1508, 4230, 1159, 3929, 3945, 1522, 5078, 3404, 1657, 2470, 4187, 3440, 4980, 4975, 4999, 2749, 4944, 2258]
[828, 5087, 6467, 844, 4982, 7486, 1384, 5019, 5327, 2670, 1472, 4230, 1159, 3927, 3947, 1523, 5067, 3405, 1631, 2411, 4186, 3432, 4980, 4975, 4999, 2769, 4944, 2251]
[828, 5087, 6467, 844, 4982, 7486, 1385, 5010, 5327, 2670, 1492, 4230, 1159, 3929, 3946, 1526, 5080, 3405, 1637, 2249, 4186, 3423, 4980, 4975, 4999, 2889, 4944, 2254]
[828, 5087, 6467, 844, 4982, 7486, 1384, 4806, 5327, 2670, 1490, 4230, 1159, 3928, 3948, 1524, 5074, 3404, 1631, 2439, 4186, 3428, 4980, 4975, 4999, 2782, 4944, 2252]
[828, 5087, 6467, 844, 4982, 7486, 1382, 4963, 5327, 2670, 1487, 4230, 1159, 3929, 3945, 1526, 5099, 3404, 1641, 2424, 4186, 3412, 4980, 4975, 4999, 2772, 4944, 2254]
[828, 5087, 6467, 844, 4982, 7486, 1383, 5020, 5327, 2670, 1493, 4230, 1159, 3929, 3947, 1524, 5151, 3405, 1635, 2397, 4186, 3415, 4980, 4975, 4999, 2762, 4944, 2254]
[828, 5088, 6467, 844, 4982, 7487, 1386, 5032, 5327, 2670, 1534, 4230, 1159, 3926, 3948, 1522, 5076, 3406, 1637, 2451, 4186, 3480, 4980, 4975, 4999, 2750, 4944, 2256]
[828, 5087, 6467, 844, 4983, 7486, 1382, 4947, 5327, 2670, 1493, 4230, 1159, 3930, 3945, 1527, 5099, 3404, 1642, 2458, 4186, 3398, 4980, 4975, 4999, 2924, 4944, 2254]
[828, 5087, 6467, 844, 4982, 7486, 1382, 5026, 5327, 2670, 1491, 4230, 1159, 3928, 3946, 1525, 5097, 3404, 1639, 2449, 4186, 3399, 4980, 4975, 4999, 2920, 4944, 2254]
[828, 5089, 6467, 844, 4982, 7486, 1384, 4932, 5327, 2670, 1502, 4230, 1159, 3928, 3947, 1525, 5076, 3404, 1637, 2380, 4187, 3413, 4980, 4975, 4999, 2747, 4944, 2252]
[828, 5089, 6467, 844, 4983, 7486, 1385, 4789, 5327, 2670, 1508, 4230, 1159, 3928, 3948, 1525, 5064, 3404, 1637, 2382, 4188, 3422, 4980, 4975, 4999, 2746, 4944, 2252]
[828, 5089, 6467, 844, 4982, 7486, 1384, 4980, 5327, 2670, 1495, 4230, 1159, 3929, 3946, 1525, 5086, 3405, 1638, 2343, 4187, 3407, 4980, 4975, 4999, 2761, 4944, 2254]
[828, 5088, 6467, 844, 4982, 7486, 1384, 4980, 5327, 2670, 1493, 4230, 1159, 3927, 3944, 1524, 5086, 3404, 1632, 2184, 4186, 3407, 4980, 4975, 4999, 2772, 4944, 2261]
[828, 5088, 6467, 845, 4983, 7486, 1383, 5002, 5327, 2670, 1510, 4230, 1159, 3933, 3944, 1522, 5094, 3405, 1644, 2486, 4187, 3465, 4980, 4975, 4999, 2782, 4944, 2264]
[828, 5087, 6467, 844, 4982, 7485, 1384, 4999, 5327, 2670, 1460, 4230, 1159, 3918, 3947, 1524, 5087, 3404, 1634, 2399, 4186, 3425, 4980, 4975, 4999, 2765, 4944, 2247]
[828, 5088, 6467, 844, 4982, 7485, 1386, 4828, 5327, 2670, 1478, 4230, 1159, 3927, 3947, 1524, 5064, 3404, 1635, 2327, 4187, 3424, 4980, 4975, 4999, 2749, 4944, 2244]
[828, 5088, 6467, 844, 4982, 7486, 1384, 4495, 5327, 2670, 1506, 4230, 1159, 3927, 3947, 1524, 5069, 3404, 1638, 2459, 4187, 3437, 4980, 4975, 4999, 2879, 4944, 2254]
[828, 5087, 6467, 844, 4982, 7486, 1382, 4972, 5327, 2670, 1488, 4230, 1159, 3927, 3947, 1523, 5093, 3404, 1632, 2035, 4186, 3408, 4980, 4975, 4999, 2891, 4944, 2254]
[828, 5086, 6467, 844, 4982, 7485, 1384, 4999, 5327, 2670, 1485, 4230, 1159, 3913, 3944, 1533, 5090, 3404, 1631, 2223, 4186, 3416, 4980, 4975, 4999, 2906, 4944, 2268]
[828, 5087, 6467, 844, 4982, 7485, 1386, 5007, 5327, 2670, 1458, 4230, 1159, 3927, 3946, 1524, 5067, 3405, 1636, 2266, 4186, 3423, 4980, 4975, 4999, 2804, 4944, 2238]
[828, 5089, 6467, 844, 4982, 7487, 1387, 5034, 5327, 2670, 1508, 4230, 1159, 3926, 3949, 1522, 5076, 3407, 1638, 2463, 4187, 3492, 4980, 4975, 4999, 2745, 4944, 2257]
[828, 5089, 6467, 844, 4982, 7485, 1384, 4941, 5327, 2670, 1496, 4230, 1159, 3928, 3945, 1524, 5086, 3405, 1634, 2255, 4187, 3409, 4980, 4975, 4999, 2760, 4944, 2257]
[828, 5088, 6467, 844, 4982, 7485, 1387, 4992, 5327, 2670, 1453, 4230, 1159, 3926, 3947, 1524, 5066, 3405, 1635, 2283, 4186, 3427, 4980, 4975, 4999, 2767, 4944, 2236]
[828, 5086, 6467, 844, 4983, 7485, 1382, 4980, 5327, 2670, 1505, 4230, 1159, 3903, 3945, 1526, 5102, 3404, 1638, 2401, 4188, 3397, 4980, 4975, 4999, 2862, 4944, 2246]
[828, 5089, 6467, 844, 4982, 7484, 1385, 4820, 5327, 2670, 1506, 4230, 1159, 3928, 3945, 1523, 5077, 3404, 1636, 2358, 4187, 3421, 4980, 4975, 4999, 2752, 4944, 2255]
[828, 5086, 6467, 844, 4982, 7485, 1382, 5005, 5327, 2670, 1492, 4230, 1159, 3925, 3945, 1526, 5100, 3404, 1636, 2430, 4186, 3401, 4980, 4975, 4999, 2773, 4944, 2253]
[828, 5086, 6467, 844, 4982, 7485, 1384, 5031, 5327, 2670, 1492, 4230, 1159, 3912, 3947, 1525, 5104, 3404, 1631, 2410, 4188, 3407, 4980, 4975, 4999, 2764, 4944, 2251]
[828, 5088, 6467, 844, 4982, 7485, 1386, 4997, 5327, 2670, 1488, 4230, 1159, 3926, 3947, 1522, 5072, 3405, 1635, 2054, 4186, 3472, 4980, 4975, 4999, 2758, 4944, 2261]
[828, 5087, 6467, 844, 4983, 7486, 1382, 4937, 5327, 2670, 1495, 4230, 1159, 3929, 3945, 1526, 5068, 3404, 1641, 2457, 4186, 3414, 4980, 4975, 4999, 2395, 4944, 2253]
[828, 5089, 6467, 844, 4871, 7486, 1386, 4988, 5327, 2670, 1505, 4230, 1159, 3927, 3946, 1523, 5075, 3405, 1638, 2227, 4189, 3474, 4980, 4975, 4999, 2743, 4944, 2260]
[828, 5092, 6467, 846, 4983, 7485, 1385, 4983, 5327, 2670, 1504, 4230, 1159, 3930, 3946, 1524, 5073, 3405, 1638, 2087, 4190, 3438, 4980, 4975, 4999, 2743, 4944, 2264]
[828, 5090, 6467, 845, 4982, 7484, 1385, 4933, 5327, 2670, 1506, 4230, 1159, 3928, 3945, 1522, 5086, 3405, 1634, 2080, 4187, 3415, 4980, 4975, 4999, 2756, 4944, 2266]
[828, 5090, 6467, 844, 4982, 7485, 1385, 5009, 5327, 2670, 1506, 4230, 1159, 3927, 3947, 1522, 5073, 3405, 1638, 2371, 4187, 3491, 4980, 4975, 4999, 2744, 4944, 2263]
[828, 5090, 6467, 846, 4983, 7484, 1382, 4967, 5327, 2670, 1504, 4230, 1159, 3931, 3944, 1524, 5086, 3405, 1638, 2129, 4187, 3450, 4980, 4975, 4999, 2812, 4944, 2267]
[828, 5088, 6467, 847, 4982, 7484, 1382, 4952, 5327, 2670, 1483, 4230, 1159, 3926, 3944, 1522, 5087, 3404, 1647, 2027, 4187, 3430, 4980, 4975, 4999, 3014, 4944, 2273]
[828, 5090, 6467, 846, 4983, 7484, 1382, 4974, 5327, 2670, 1504, 4230, 1159, 3930, 3945, 1524, 5079, 3405, 1638, 2103, 4187, 3438, 4980, 4975, 4999, 2803, 4944, 2266]
[828, 5086, 6467, 845, 4983, 7484, 1385, 5096, 5327, 2670, 1495, 4230, 1159, 3917, 3945, 1522, 5091, 3403, 1633, 2262, 4190, 3412, 4980, 4975, 4999, 2769, 4944, 2244]
[828, 5089, 6467, 844, 4984, 7485, 1389, 4965, 5327, 2670, 1422, 4230, 1159, 3926, 3947, 1526, 5062, 3405, 1641, 2152, 4188, 3432, 4980, 4975, 4999, 2786, 4944, 2235]
[828, 5086, 6467, 844, 4983, 7485, 1385, 5030, 5327, 2670, 1510, 4230, 1159, 3901, 3946, 1526, 5104, 3404, 1631, 2346, 4192, 3394, 4980, 4975, 4999, 2760, 4944, 2236]
[827, 5091, 6467, 844, 4983, 7487, 1386, 4824, 5327, 2670, 1513, 4230, 1159, 3876, 3945, 1529, 5098, 3406, 1637, 2365, 4191, 3444, 4980, 4975, 4999, 2810, 4944, 2249]
[828, 5087, 6467, 845, 4982, 7484, 1386, 5040, 5327, 2670, 1493, 4230, 1159, 3926, 3947, 1522, 5084, 3406, 1640, 2196, 4187, 3461, 4980, 4975, 4999, 2751, 4944, 2255]
[827, 5089, 6467, 844, 4982, 7487, 1385, 4822, 5327, 2670, 1510, 4230, 1159, 3922, 3946, 1527, 5081, 3404, 1635, 2382, 4190, 3442, 4980, 4975, 4999, 2762, 4944, 2254]
[828, 5091, 6467, 845, 4903, 7485, 1385, 4984, 5327, 2670, 1504, 4230, 1159, 3928, 3946, 1523, 5073, 3405, 1638, 2117, 4189, 3470, 4980, 4975, 4999, 2743, 4944, 2261]
[828, 5087, 6467, 844, 4982, 7486, 1382, 4946, 5327, 2670, 1503, 4230, 1159, 3928, 3947, 1475, 5081, 3404, 1634, 2426, 4186, 3420, 4980, 4975, 4999, 2809, 4944, 2252]
[828, 5086, 6467, 846, 4983, 7484, 1386, 5110, 5327, 2670, 1493, 4230, 1159, 3928, 3945, 1522, 5088, 3401, 1650, 2072, 4187, 3443, 4980, 4975, 4999, 2770, 4944, 2254]
[828, 5087, 6467, 844, 4982, 7486, 1384, 5005, 5327, 2670, 1503, 4230, 1159, 3931, 3945, 1523, 5085, 3405, 1640, 2249, 4186, 3434, 4980, 4975, 4999, 2814, 4944, 2036]
[828, 5091, 6467, 846, 4983, 7485, 1385, 4929, 5327, 2670, 1499, 4230, 1159, 3960, 3946, 1526, 5068, 3405, 1639, 2213, 4188, 3399, 4980, 4975, 4999, 2745, 4944, 2269]
[828, 5088, 6467, 847, 4982, 7485, 1387, 5030, 5327, 2670, 1509, 4230, 1159, 3928, 3946, 1522, 5083, 3406, 1642, 2065, 4187, 3455, 4980, 4975, 4999, 2746, 4944, 2274]
[828, 5088, 6467, 847, 4983, 7484, 1382, 4940, 5327, 2670, 1512, 4230, 1159, 3934, 3944, 1527, 5090, 3405, 1645, 2204, 4187, 3454, 4980, 4975, 4999, 2859, 4944, 2273]
[828, 5087, 6467, 844, 4982, 7487, 1383, 4123, 5327, 2670, 1489, 4230, 1159, 3928, 3948, 1523, 5088, 3405, 1631, 2439, 4186, 3434, 4980, 4975, 4999, 2824, 4944, 2254]
[828, 5088, 6467, 847, 4982, 7484, 1383, 5000, 5327, 2670, 1510, 4230, 1159, 3930, 3945, 1527, 5092, 3405, 1650, 2127, 4187, 3409, 4980, 4975, 4999, 2761, 4944, 2272]
[827, 5090, 6467, 844, 4982, 7487, 1384, 4790, 5327, 2670, 1517, 4230, 1159, 3910, 3946, 1530, 5104, 3400, 1625, 2299, 4194, 3404, 4980, 4975, 4999, 2770, 4944, 2252]
[828, 5087, 6467, 844, 4982, 7486, 1383, 5011, 5327, 2670, 1488, 4230, 1159, 3931, 3944, 1522, 5101, 3405, 1639, 2463, 4146, 3457, 4980, 4975, 4999, 2772, 4944, 2255]
[828, 5089, 6468, 844, 4985, 7484, 1387, 4898, 5327, 2671, 1503, 4230, 1159, 3923, 3941, 1529, 5091, 3403, 1632, 2250, 4199, 3361, 4980, 4975, 4999, 2792, 4944, 2227]
[827, 5089, 6467, 844, 4983, 7485, 1386, 4932, 5327, 2670, 1484, 4230, 1159, 3894, 3946, 1528, 5092, 3405, 1639, 2245, 4188, 3438, 4980, 4975, 4999, 2794, 4944, 2246]
[827, 5090, 6467, 844, 4982, 7485, 1387, 4940, 5327, 2670, 1517, 4230, 1159, 3919, 3945, 1523, 5078, 3402, 1633, 2114, 4195, 3400, 4980, 4975, 4999, 2766, 4944, 2209]
[828, 5088, 6467, 847, 4984, 7484, 1382, 4922, 5327, 2670, 1514, 4230, 1159, 3935, 3943, 1529, 5097, 3404, 1653, 2512, 4188, 3361, 4980, 4975, 4999, 2945, 4944, 2272]
[827, 5097, 6468, 844, 4985, 7488, 1385, 4665, 5327, 2671, 1529, 4230, 1159, 3871, 3943, 1531, 5123, 3400, 1621, 2218, 4197, 3361, 4980, 4975, 4999, 2812, 4944, 2187]
[828, 5088, 6467, 847, 4983, 7484, 1385, 4947, 5327, 2670, 1497, 4230, 1159, 3935, 3944, 1523, 5097, 3404, 1659, 1994, 4189, 3361, 4980, 4975, 4999, 3031, 4944, 2251]
[828, 5088, 6467, 848, 4983, 7484, 1387, 5028, 5327, 2670, 1515, 4230, 1159, 3943, 3945, 1523, 5098, 3404, 1669, 1981, 4188, 3361, 4980, 4975, 4999, 3072, 4944, 2297]
[828, 5088, 6467, 844, 4983, 7486, 1378, 4917, 5327, 2670, 1484, 4230, 1159, 3926, 3948, 1528, 5070, 3403, 1633, 2161, 4188, 3361, 4980, 4975, 4999, 2796, 4944, 2237]
[828, 5090, 6467, 844, 4984, 7485, 1384, 4760, 5327, 2670, 1508, 4230, 1159, 3932, 3948, 1528, 5059, 3403, 1637, 2265, 4195, 3361, 4980, 4975, 4999, 2748, 4944, 2250]
[828, 5088, 6467, 847, 4983, 7484, 1386, 4699, 5327, 2670, 1514, 4230, 1159, 3938, 3943, 1528, 5097, 3404, 1668, 2032, 4188, 3361, 4980, 4975, 4999, 3048, 4944, 2280]
[828, 5085, 6467, 846, 4984, 7484, 1385, 5015, 5327, 2670, 1469, 4230, 1159, 3931, 3945, 1523, 5096, 3401, 1651, 2075, 4188, 3361, 4980, 4975, 4999, 2876, 4944, 2235]
[828, 5086, 6467, 844, 4982, 7485, 1385, 5031, 5327, 2670, 1498, 4230, 1159, 3921, 3946, 1523, 5077, 3405, 1631, 2433, 4188, 3409, 4980, 4975, 4999, 1868, 4944, 2254]
