[1979, 9986, 2882, 2944, 10010, 6922, 3223, 1440, 6861, 2663, 694, 2996, 2544, 4999, 4998, 4995, 2398, 4894, 4556]
[1979, 9996, 2890, 2960, 10004, 6911, 3223, 1442, 6870, 2658, 694, 2993, 2422, 4999, 4998, 4994, 2166, 4899, 4856]
[1979, 10022, 2895, 2966, 10030, 6926, 3224, 1338, 6886, 2659, 694, 2998, 2425, 4999, 4998, 4996, 2224, 4905, 4858]
[1974, 10003, 2896, 2959, 10002, 6897, 3222, 1470, 6871, 2658, 694, 2994, 2422, 4999, 4998, 4993, 2182, 4899, 4855]
[1982, 9952, 2879, 2954, 10006, 6919, 3222, 1788, 6858, 2663, 706, 2944, 2507, 4999, 4998, 4995, 1781, 4892, 4855]
[1977, 9941, 2883, 2959, 10013, 6915, 3222, 1713, 6861, 2654, 694, 2982, 2606, 4999, 4998, 4994, 2146, 4891, 4854]
[1978, 10010, 2890, 2965, 9991, 6909, 3221, 1525, 6869, 2683, 694, 2977, 2421, 4999, 4998, 4994, 2386, 4899, 4853]
[1981, 10027, 2896, 2957, 10025, 6912, 3223, 1369, 6871, 2652, 694, 3079, 2415, 4999, 4998, 4994, 2193, 4908, 4780]
[1977, 10007, 2897, 2953, 10005, 6910, 3223, 1280, 6873, 2657, 694, 3013, 2421, 4999, 4998, 4993, 2190, 4892, 4856]
[1983, 9979, 2889, 2964, 10015, 6912, 3223, 1621, 6866, 2664, 712, 3002, 2420, 4999, 4998, 4995, 1568, 4897, 4857]
[1980, 9989, 2882, 2953, 10013, 6915, 3232, 1402, 6858, 2667, 557, 2926, 2595, 4999, 4998, 4995, 2142, 4890, 4811]
[1981, 10004, 2893, 2961, 10017, 6917, 3221, 1519, 6869, 2656, 705, 3009, 2416, 4999, 4998, 4995, 2143, 4897, 4857]
[1978, 9958, 2890, 2963, 10010, 6915, 3223, 1454, 6867, 2656, 694, 3002, 2419, 4999, 4998, 4993, 2168, 4894, 4856]
[1978, 9944, 2897, 2964, 10019, 6916, 3223, 1461, 6866, 2654, 694, 3005, 2418, 4999, 4998, 4993, 2180, 4892, 4857]
[1990, 9988, 2909, 2964, 10049, 6928, 3223, 1316, 6870, 2661, 694, 3006, 2425, 4999, 4998, 4995, 2241, 4904, 4859]
[1977, 9941, 2875, 2944, 10005, 6915, 3222, 1929, 6858, 2661, 694, 2894, 2624, 4999, 4998, 4995, 2146, 4889, 4850]
[1974, 9994, 2887, 2964, 10003, 6915, 3217, 1457, 6864, 2659, 694, 2958, 2419, 4999, 4998, 4992, 2188, 4896, 4854]
[1979, 9970, 2900, 2959, 10012, 6910, 3223, 1429, 6875, 2661, 696, 3013, 2418, 4999, 4998, 4994, 1822, 4902, 4857]
[1975, 9979, 2887, 2965, 10015, 6916, 3217, 1615, 6862, 2667, 694, 3061, 2416, 4999, 4998, 4995, 1400, 4891, 4857]
[1971, 10023, 2903, 2958, 10001, 6894, 3218, 1298, 6876, 2659, 694, 3013, 2422, 4999, 4998, 4993, 2231, 4899, 4854]
[1983, 9959, 2885, 2967, 10017, 6919, 3223, 1627, 6864, 2667, 714, 3006, 2415, 4999, 4998, 4996, 1504, 4893, 4858]
[1982, 10024, 2887, 2955, 10024, 6915, 3226, 1412, 6872, 2655, 694, 3152, 2415, 4999, 4998, 4996, 2146, 4912, 4757]
[1984, 9957, 2889, 2967, 10017, 6920, 3223, 1696, 6862, 2668, 718, 3012, 2416, 4999, 4998, 4996, 1424, 4897, 4858]
[1978, 10019, 2892, 2962, 9997, 6915, 3223, 1471, 6865, 2662, 694, 2939, 2413, 4999, 4998, 4995, 2475, 4906, 4858]
[1976, 10038, 2889, 2966, 9990, 6916, 3225, 1368, 6874, 2676, 694, 3009, 2413, 4999, 4998, 4995, 2172, 4910, 4829]
[1975, 10004, 2871, 2947, 10000, 6916, 3221, 1805, 6852, 2661, 694, 2895, 2497, 4999, 4998, 4995, 3243, 4894, 4829]
[1970, 10027, 2878, 2963, 10001, 6917, 3230, 1613, 6861, 2691, 694, 2927, 2416, 4999, 4998, 4995, 2987, 4906, 5378]
[1978, 10023, 2890, 2957, 10003, 6912, 3222, 1411, 6874, 2657, 694, 3083, 2418, 4999, 4998, 4995, 2183, 4901, 4758]
[1983, 10051, 2900, 2965, 10020, 6918, 3224, 1277, 6878, 2688, 694, 2985, 2423, 4999, 4998, 4995, 2180, 4913, 4859]
[1983, 9980, 2889, 2963, 10018, 6914, 3221, 1691, 6866, 2655, 717, 3006, 2416, 4999, 4998, 4994, 1532, 4898, 4856]
[1971, 10024, 2900, 2958, 9997, 6902, 3221, 1300, 6876, 2679, 694, 2950, 2417, 4999, 4998, 4994, 2172, 4899, 4857]
[1974, 9994, 2884, 2965, 10003, 6916, 3214, 1503, 6863, 2661, 694, 2953, 2417, 4999, 4998, 4992, 2227, 4889, 4854]
[1976, 9994, 2875, 2965, 9996, 6917, 3220, 1584, 6856, 2659, 694, 2942, 2417, 4999, 4998, 4992, 3240, 4891, 4854]
[1984, 10002, 2882, 2967, 10028, 6919, 3223, 1676, 6862, 2660, 694, 2960, 2414, 4999, 4998, 4995, 3344, 4904, 4858]
[1978, 10029, 2885, 2966, 10007, 6915, 3223, 1507, 6875, 2678, 694, 2929, 2413, 4999, 4998, 4995, 1596, 4899, 4858]
[1983, 10012, 2893, 2963, 10036, 6918, 3228, 1648, 6866, 2691, 694, 2942, 2413, 4999, 4998, 4995, 2343, 4905, 4837]
[1978, 10025, 2898, 2961, 9989, 6913, 3224, 1317, 6877, 2690, 694, 2933, 2413, 4999, 4998, 4995, 2152, 4910, 4859]
[1973, 9957, 2892, 2947, 10004, 6909, 3220, 1551, 6866, 2659, 694, 2945, 2477, 4999, 4998, 4992, 2191, 4900, 4854]
[1983, 10015, 2894, 2964, 10031, 6917, 3225, 1462, 6869, 2660, 694, 2932, 2413, 4999, 4998, 4995, 3094, 4906, 4858]
[1980, 10030, 2903, 2958, 10038, 6910, 3217, 1338, 6871, 2651, 694, 3000, 2417, 4999, 4998, 4994, 2232, 4899, 4856]
[1978, 9951, 2890, 2964, 10010, 6916, 3221, 1648, 6864, 2654, 694, 2985, 2418, 4999, 4998, 4993, 2853, 4894, 4855]
[1982, 10031, 2900, 2964, 10023, 6914, 3225, 1270, 6875, 2660, 693, 3099, 2417, 4998, 4997, 4996, 2181, 4910, 4773]
[1971, 10001, 2900, 2963, 10001, 6913, 3216, 1334, 6874, 2659, 694, 2967, 2417, 4999, 4998, 4992, 2228, 4892, 4854]
[1977, 10023, 2906, 2937, 10003, 6910, 3224, 1112, 6878, 2658, 694, 3014, 2423, 4999, 4998, 4994, 2203, 4903, 4856]
[1978, 9944, 2897, 2964, 10019, 6916, 3223, 1461, 6866, 2654, 694, 3005, 2418, 4999, 4998, 4993, 1634, 4892, 4857]
[1975, 10024, 2903, 2958, 10036, 6902, 3217, 1304, 6871, 2658, 694, 3009, 2419, 4999, 4998, 4993, 2231, 4899, 4855]
[1977, 10001, 2893, 2963, 10015, 6913, 3223, 1329, 6867, 2670, 694, 2998, 2416, 4999, 4998, 4994, 2160, 4903, 4858]
[1976, 10024, 2902, 2950, 10017, 6908, 3215, 1337, 6875, 2658, 694, 3001, 2416, 4999, 4998, 4993, 2231, 4900, 4855]
[1985, 10079, 2909, 2968, 9996, 6919, 3224, 1147, 6873, 2680, 593, 2977, 2417, 4999, 4998, 4997, 2182, 4915, 4860]
[1981, 10049, 2902, 2965, 10022, 6917, 3223, 1366, 6867, 2661, 694, 3012, 2423, 4999, 4998, 4995, 2188, 4916, 4670]
[1975, 10026, 2878, 2965, 10011, 6917, 3221, 1281, 6864, 2663, 694, 2950, 2415, 4999, 4998, 4994, 2180, 4884, 4856]
[1977, 9995, 2876, 2964, 10016, 6913, 3223, 1752, 6867, 2648, 694, 3075, 2418, 4999, 4998, 4994, 2201, 4903, 4858]
[1985, 10085, 2916, 2968, 10075, 6929, 3225, 1136, 6890, 2669, 694, 3025, 2426, 4999, 4998, 4997, 2274, 4923, 4860]
[1976, 10073, 2889, 2967, 9998, 6918, 3226, 1407, 6860, 2668, 694, 3061, 2418, 4999, 4998, 4996, 2183, 4912, 4776]
[1983, 10013, 2892, 2963, 10041, 6917, 3224, 1643, 6870, 2678, 694, 2932, 2413, 4999, 4998, 4995, 2180, 4907, 4763]
[1983, 10070, 2899, 2963, 10043, 6917, 3233, 1343, 6873, 2722, 694, 2928, 2413, 4999, 4998, 4996, 2123, 4909, 4748]
[1976, 10033, 2904, 2961, 10000, 6916, 3225, 1136, 6860, 2660, 694, 3053, 2419, 4999, 4998, 4994, 2198, 4910, 4823]
[1981, 10034, 2876, 2967, 10018, 6919, 3223, 1626, 6866, 2667, 694, 2912, 2415, 4999, 4998, 4996, 1586, 4884, 4858]
[1973, 10023, 2894, 2950, 10002, 6905, 3215, 1331, 6877, 2659, 694, 3004, 2416, 4999, 4998, 4991, 2230, 4902, 4855]
[1980, 10031, 2907, 2964, 10061, 6914, 3220, 1361, 6869, 2665, 694, 3016, 2421, 4999, 4998, 4994, 3824, 4916, 4687]
[1985, 10084, 2910, 2968, 10071, 6925, 3224, 1362, 6868, 2669, 694, 3019, 2424, 4999, 4998, 4997, 2255, 4918, 4415]
[1982, 10048, 2910, 2965, 10021, 6912, 3222, 1195, 6878, 2661, 693, 3015, 2424, 4998, 4997, 4996, 2202, 4908, 4861]
[1985, 10075, 2895, 2968, 9987, 6913, 3224, 1331, 6865, 2739, 694, 2916, 2413, 4999, 4998, 4997, 2084, 4908, 4860]
[1984, 10045, 2895, 2960, 9996, 6916, 3222, 1710, 6867, 2676, 664, 2914, 2457, 4999, 4998, 4996, 2169, 4911, 4858]
[1975, 10032, 2894, 2967, 9975, 6903, 3220, 1625, 6858, 2713, 694, 2937, 2415, 4999, 4998, 4996, 2540, 4901, 4853]
[1979, 9995, 2868, 2965, 9981, 6918, 3221, 1869, 6856, 2658, 694, 2936, 2418, 4999, 4998, 4994, 3368, 4897, 4855]
[1970, 10021, 2865, 2964, 9993, 6917, 3221, 1652, 6850, 2665, 694, 2920, 2419, 4999, 4998, 4995, 3487, 4901, 4824]
[1976, 10066, 2905, 2967, 10029, 6916, 3224, 1483, 6866, 2650, 694, 3015, 2414, 4999, 4998, 4996, 982, 4909, 4882]
[1976, 10048, 2891, 2963, 9989, 6895, 3220, 1495, 6869, 2652, 694, 2951, 2417, 4999, 4998, 4995, 3529, 4903, 5086]
[1985, 10084, 2907, 2968, 10053, 6922, 3224, 1470, 6867, 2669, 694, 3017, 2414, 4999, 4998, 4997, 624, 4910, 4860]
[1982, 10037, 2884, 2943, 10035, 6910, 3208, 1532, 6867, 2655, 694, 3000, 2420, 4999, 4998, 4994, 2199, 4899, 4856]
[1968, 10024, 2894, 2965, 10001, 6888, 3213, 1448, 6872, 2661, 694, 2978, 2415, 4999, 4998, 4991, 2243, 4893, 4854]
[1964, 10070, 2896, 2967, 10022, 6911, 3224, 1424, 6864, 2690, 694, 2963, 2413, 4999, 4998, 4996, 2343, 4908, 5068]
[1981, 9939, 2876, 2967, 9990, 6917, 3223, 1543, 6861, 2685, 694, 2904, 2415, 4999, 4998, 4994, 2121, 4889, 4859]
[1985, 10081, 2895, 2968, 10026, 6920, 3224, 1301, 6866, 2669, 694, 3141, 2414, 4999, 4998, 4997, 1457, 4911, 4860]
[1980, 10036, 2898, 2962, 10012, 6915, 3231, 1329, 6873, 2719, 694, 2932, 2413, 4999, 4998, 4995, 1199, 4909, 4852]
[1965, 10029, 2881, 2967, 10022, 6916, 3224, 1539, 6862, 2642, 694, 2986, 2418, 4999, 4998, 4993, 2220, 4903, 5124]
[1974, 10014, 2907, 2959, 10023, 6915, 3225, 1422, 6870, 2649, 694, 2934, 2418, 4999, 4998, 4995, 2249, 4913, 4765]
[1981, 10025, 2892, 2967, 10024, 6913, 3223, 1859, 6861, 2646, 694, 2925, 2415, 4999, 4998, 4994, 1411, 4902, 4900]
[1983, 9990, 2864, 2967, 9996, 6916, 3222, 2033, 6854, 2653, 694, 2866, 2419, 4999, 4998, 4996, 2144, 4895, 4858]
[1985, 10076, 2906, 2968, 10036, 6916, 3224, 1424, 6866, 2702, 694, 2986, 2413, 4999, 4998, 4997, 2145, 4909, 4860]
[1976, 9997, 2908, 2956, 10029, 6913, 3224, 1310, 6879, 2648, 694, 3017, 2418, 4999, 4998, 4993, 2250, 4913, 4858]
[1980, 9908, 2875, 2967, 10008, 6919, 3223, 1900, 6861, 2661, 694, 2898, 2419, 4999, 4998, 4993, 2146, 4883, 4857]
[1983, 10060, 2883, 2964, 10038, 6917, 3227, 1641, 6872, 2692, 694, 2956, 2413, 4999, 4998, 4995, 2592, 4908, 4797]
[1981, 10060, 2907, 2967, 10001, 6918, 3219, 1186, 6867, 2677, 604, 2956, 2417, 4999, 4998, 4993, 2210, 4905, 4856]
[1985, 10077, 2883, 2968, 9991, 6915, 3224, 1298, 6866, 2669, 694, 3179, 2415, 4999, 4998, 4997, 2068, 4912, 4860]
[1976, 10026, 2907, 2967, 9998, 6914, 3223, 1234, 6873, 2660, 616, 2985, 2421, 4999, 4998, 4995, 797, 4905, 4856]
[1979, 9915, 2884, 2966, 10008, 6912, 3222, 1845, 6866, 2656, 694, 2860, 2419, 4999, 4998, 4993, 2117, 4882, 4857]
[1978, 10021, 2876, 2964, 10016, 6913, 3223, 1734, 6866, 2651, 694, 2988, 2416, 4999, 4998, 4994, 2002, 4891, 4858]
[1977, 9975, 2895, 2964, 10016, 6915, 3223, 1595, 6866, 2648, 1463, 3070, 2418, 4999, 4998, 4993, 2189, 4898, 4857]
[1966, 10056, 2898, 2964, 10037, 6909, 3211, 1519, 6866, 2652, 694, 3008, 2415, 4999, 4998, 4995, 2223, 4906, 5067]
[1960, 10063, 2900, 2967, 10029, 6908, 3225, 1512, 6864, 2633, 694, 3015, 2414, 4999, 4998, 4996, 2255, 4909, 5153]
[1985, 10081, 2895, 2968, 10037, 6926, 3224, 1317, 6884, 2727, 694, 2952, 2554, 4999, 4998, 4997, 2219, 4910, 4860]
[1973, 10022, 2887, 2959, 10002, 6909, 3214, 1497, 6867, 2659, 694, 2954, 2416, 4999, 4998, 4991, 2130, 4894, 4854]
[1978, 9971, 2887, 2965, 10008, 6904, 3221, 1784, 6869, 2640, 694, 2841, 2420, 4999, 4998, 4994, 2097, 4882, 4858]
[1985, 10081, 2897, 2968, 10072, 6927, 3224, 1187, 6884, 2725, 694, 2933, 2413, 4999, 4998, 4997, 2196, 4913, 4860]
[1985, 10077, 2883, 2968, 9991, 6915, 3224, 1298, 6866, 2669, 694, 3179, 2415, 4999, 4998, 4997, 1687, 4912, 4860]
[1978, 9989, 2891, 2966, 10033, 6920, 3223, 1723, 6867, 2660, 694, 2913, 2416, 4999, 4998, 4995, 1821, 4904, 4858]
[1982, 10068, 2902, 2967, 10049, 6920, 3224, 1502, 6861, 2642, 694, 2912, 2416, 4999, 4998, 4996, 2252, 4907, 5468]
[1982, 9970, 2903, 2966, 10018, 6916, 3222, 1379, 6863, 2664, 694, 3012, 2423, 4998, 4997, 4996, 1319, 4897, 4860]
