[1985, 10085, 2916, 2968, 10075, 6929, 3225, 1136, 6890, 2669, 694, 3025, 2426, 4999, 4998, 4997, 2274, 4923, 4860]
[2091, 10063, 2894, 2923, 10067, 6932, 3083, 899, 6904, 2900, 589, 3033, 2321, 4999, 4993, 4994, 3863, 4931, 4843]
[1976, 10099, 2906, 2963, 10101, 6929, 3248, 1153, 6884, 2647, 665, 3041, 2474, 4999, 4998, 4994, 4433, 4918, 4851]
[2010, 10077, 2905, 2975, 10057, 6932, 3127, 834, 6913, 2935, 654, 3024, 2335, 4999, 4995, 4994, 4374, 4937, 4833]
[2000, 10085, 2917, 2954, 10068, 6922, 3230, 1051, 6886, 2672, 666, 3070, 2422, 4999, 4996, 4990, 4842, 4925, 4897]
[2126, 10056, 2891, 2897, 10042, 6939, 2996, 804, 6914, 3003, 646, 3004, 2288, 4999, 4993, 4994, 5057, 4941, 4854]
[2130, 10053, 2891, 2933, 10055, 6938, 3123, 801, 6913, 2962, 539, 3011, 2289, 4999, 4993, 4994, 4947, 4930, 4863]
[2029, 10096, 2919, 2965, 10059, 6935, 3267, 804, 6894, 2636, 358, 3024, 2397, 4999, 4998, 4993, 3126, 4925, 4864]
[2087, 10073, 2897, 2904, 10092, 6938, 3175, 1080, 6901, 2732, 602, 3025, 2330, 4999, 4996, 4994, 4732, 4928, 4874]
[2008, 10114, 2890, 2952, 10134, 6930, 3232, 1211, 6890, 2668, 762, 3026, 2489, 4999, 4998, 4997, 4825, 4918, 4865]
[1987, 10082, 2922, 2958, 10065, 6922, 3283, 882, 6886, 2671, 665, 3053, 2417, 4999, 4994, 4990, 4739, 4929, 4880]
[2020, 10134, 2917, 2968, 10059, 6928, 3313, 1018, 6891, 2670, 641, 3017, 2347, 4999, 4998, 4996, 4768, 4927, 4863]
[1998, 10082, 2850, 2930, 10014, 6923, 3082, 819, 6895, 2890, 332, 3032, 2479, 4998, 4995, 4996, 4405, 4912, 4860]
[1949, 10139, 2918, 2976, 10069, 6933, 3352, 986, 6894, 2668, 679, 3023, 2417, 4999, 4998, 4997, 4456, 4927, 4846]
[2050, 10082, 2906, 2947, 10054, 6922, 3126, 808, 6891, 2759, 591, 3036, 2433, 4998, 4994, 4993, 4521, 4924, 4914]
[2071, 10072, 2916, 2952, 10046, 6927, 3071, 820, 6913, 2937, 646, 3032, 2382, 4999, 4993, 4993, 4521, 4938, 4878]
[1939, 10141, 2919, 2974, 10067, 6927, 3377, 1076, 6889, 2669, 702, 3018, 2400, 4999, 4998, 4997, 5088, 4928, 4860]
[2111, 10079, 2910, 2913, 10055, 6925, 3125, 799, 6910, 2827, 765, 3028, 2318, 4999, 4993, 4992, 4827, 4930, 4914]
[2108, 10061, 2882, 2904, 10024, 6929, 3059, 818, 6896, 2917, 785, 3013, 2382, 4998, 4994, 4994, 4462, 4923, 4855]
[2009, 10104, 2902, 2907, 10085, 6935, 3183, 823, 6907, 2784, 653, 3036, 2382, 4999, 4987, 4994, 4697, 4930, 5000]
[2081, 10064, 2915, 2934, 10060, 6924, 3071, 796, 6910, 2922, 646, 3035, 2395, 4999, 4993, 4990, 4948, 4935, 4886]
[2009, 10082, 2883, 2951, 10039, 6922, 3253, 789, 6891, 2799, 392, 3084, 2474, 4998, 4994, 4994, 4456, 4915, 4902]
[1944, 10103, 2925, 2975, 10064, 6923, 3367, 870, 6884, 2654, 669, 3050, 2430, 4999, 4999, 4993, 6190, 4927, 6530]
[1933, 10143, 2891, 2950, 10130, 6930, 3261, 1220, 6890, 2667, 776, 3018, 2449, 4999, 4998, 4998, 5304, 4920, 4867]
[2039, 10059, 2888, 2937, 10039, 6929, 3124, 807, 6903, 2720, 365, 3022, 2389, 4998, 4995, 4995, 4057, 4922, 4873]
[1945, 10132, 2898, 2964, 10104, 6927, 3261, 1104, 6907, 2641, 682, 3057, 2444, 4999, 4998, 4993, 4440, 4921, 4860]
[1956, 10085, 2901, 2957, 10065, 6927, 3203, 933, 6886, 2668, 628, 3043, 2423, 4999, 4998, 4996, 4324, 4922, 4854]
[1935, 10144, 2887, 2950, 10130, 6932, 3260, 1262, 6903, 2667, 754, 3018, 2445, 4999, 4998, 4998, 5303, 4920, 4866]
[1951, 10075, 2904, 2967, 10096, 6927, 3226, 1038, 6887, 2640, 671, 3052, 2460, 4999, 4998, 4992, 4575, 4921, 4886]
[1939, 10118, 2909, 2960, 10132, 6928, 3265, 1442, 6885, 2634, 748, 3024, 2443, 4999, 4998, 4997, 5054, 4925, 4853]
[1961, 10111, 2922, 2960, 10065, 6923, 3287, 820, 6886, 2635, 663, 3082, 2433, 4999, 4997, 4990, 4611, 4927, 4913]
[2061, 10089, 2925, 2963, 10066, 6924, 3273, 791, 6885, 2652, 662, 3087, 2431, 4999, 4994, 4991, 4541, 4927, 4904]
[2064, 10082, 2922, 2952, 10066, 6922, 3255, 772, 6887, 2672, 663, 3095, 2421, 4999, 4994, 4990, 4778, 4929, 4916]
[1939, 10107, 2926, 2968, 10066, 6925, 3284, 809, 6884, 2633, 662, 3058, 2445, 4999, 4999, 4993, 4289, 4927, 4844]
[2003, 10075, 2912, 2964, 10051, 6931, 3258, 832, 6912, 2683, 658, 3018, 2354, 4999, 4996, 4994, 4839, 4934, 4846]
[2135, 10066, 2912, 2946, 10062, 6925, 3212, 775, 6887, 2671, 444, 3079, 2369, 4999, 4997, 4993, 4772, 4925, 4900]
[1989, 10140, 2908, 2948, 10059, 6931, 3317, 879, 6898, 2669, 433, 3017, 2360, 4999, 4998, 4994, 4702, 4922, 4864]
[1935, 10088, 2898, 2950, 10107, 6927, 3450, 1111, 6893, 2673, 544, 2976, 2464, 4999, 4999, 4995, 3834, 4910, 4875]
[2075, 10133, 2891, 2946, 10061, 6934, 3243, 1120, 6892, 2668, 466, 3017, 2361, 4999, 4998, 4995, 4940, 4920, 4867]
[2136, 10053, 2891, 2946, 10057, 6937, 3129, 800, 6899, 2671, 315, 3017, 2318, 4999, 4998, 4994, 4686, 4922, 4868]
[1947, 10090, 2925, 2984, 10065, 6924, 3323, 842, 6884, 2650, 666, 3057, 2426, 4999, 4999, 4993, 4297, 4928, 4840]
[1931, 10142, 2910, 2966, 10111, 6926, 3211, 965, 6889, 2670, 715, 3070, 2445, 4999, 4998, 4991, 4158, 4928, 6425]
[2008, 10068, 2883, 2903, 10037, 6937, 3049, 807, 6895, 2891, 367, 3007, 2403, 4998, 4993, 4995, 5008, 4927, 4858]
[1935, 10134, 2920, 2967, 10104, 6925, 3226, 813, 6886, 2666, 679, 3066, 2445, 4999, 4998, 4992, 4262, 4927, 5531]
[1937, 10108, 2894, 2961, 10129, 6929, 3181, 1186, 6884, 2670, 683, 3059, 2449, 4999, 4998, 4996, 4865, 4921, 4863]
[1945, 10108, 2920, 2965, 10093, 6924, 3224, 801, 6887, 2670, 690, 3081, 2430, 4999, 4996, 4990, 5455, 4928, 5057]
[1952, 10096, 2889, 2961, 10128, 6929, 3182, 1100, 6884, 2670, 680, 3057, 2470, 4999, 4998, 4996, 5058, 4918, 4863]
[2061, 10082, 2910, 2950, 10069, 6924, 3349, 1003, 6890, 2672, 558, 3073, 2443, 4999, 4994, 4991, 4066, 4918, 4895]
[1936, 10103, 2916, 2952, 10074, 6927, 3397, 1087, 6892, 2671, 587, 3019, 2407, 4999, 4998, 4995, 4140, 4915, 4378]
[1986, 10137, 2865, 2940, 10042, 6926, 3126, 864, 6894, 2834, 498, 3062, 2453, 4998, 4990, 4992, 3481, 4925, 6279]
[1935, 10088, 2898, 2950, 10107, 6927, 3450, 1111, 6893, 2673, 544, 3039, 2464, 4999, 4999, 4995, 3834, 4910, 4875]
[2047, 10115, 2921, 2943, 10101, 6916, 3327, 776, 6903, 2669, 664, 3074, 2409, 4999, 4989, 4993, 4312, 4927, 4958]
[1922, 10109, 2923, 2985, 10086, 6924, 3207, 794, 6885, 2675, 667, 3099, 2438, 4999, 4999, 4991, 4169, 4928, 4829]
[1976, 10171, 2915, 2926, 10124, 6917, 3319, 865, 6907, 2668, 665, 3036, 2416, 4999, 4997, 4994, 4269, 4926, 5028]
[1957, 10112, 2883, 2959, 10058, 6925, 3165, 1008, 6894, 2839, 449, 3025, 2441, 4998, 4996, 4996, 4942, 4922, 4860]
[2010, 10064, 2889, 2961, 10142, 6930, 3171, 1191, 6891, 2670, 673, 3034, 2500, 4999, 4998, 4997, 4627, 4917, 4865]
[2038, 10084, 2922, 2918, 10064, 6925, 3283, 808, 6907, 2817, 646, 2871, 2434, 4999, 4994, 4993, 4302, 4938, 4848]
[2033, 10114, 2922, 2960, 10063, 6923, 3267, 785, 6884, 2620, 663, 3092, 2434, 4999, 4996, 4990, 4297, 4928, 4896]
[1948, 10147, 2886, 2951, 10134, 6935, 3259, 1331, 6913, 2667, 753, 3018, 2443, 4999, 4998, 4998, 5297, 4920, 4861]
[1981, 10069, 2889, 2951, 10134, 6930, 3174, 1199, 6890, 2667, 769, 3026, 2481, 4999, 4998, 4997, 5198, 4918, 4866]
[1976, 10171, 2914, 2919, 10120, 6914, 3339, 873, 6907, 2668, 665, 3042, 2407, 4999, 4985, 4994, 4260, 4925, 5096]
[1954, 10145, 2903, 2965, 10166, 6928, 3324, 1098, 6886, 2669, 644, 3029, 2491, 4999, 4999, 4995, 4245, 4922, 4833]
[1977, 10066, 2903, 2963, 10073, 6927, 3276, 954, 6890, 2635, 662, 3039, 2450, 4999, 4998, 4994, 4346, 4924, 4860]
[1936, 10113, 2895, 2962, 10127, 6929, 3197, 1091, 6884, 2673, 689, 3065, 2433, 4999, 4998, 4995, 5189, 4925, 4857]
[1954, 10083, 2925, 2986, 10061, 6923, 3379, 890, 6884, 2670, 679, 3050, 2398, 4999, 4999, 4994, 4347, 4929, 4828]
[1930, 10121, 2922, 2968, 10063, 6924, 3292, 834, 6884, 2601, 664, 3081, 2446, 4999, 4999, 4990, 4269, 4927, 4887]
[1939, 10124, 2919, 2972, 10066, 6925, 3374, 842, 6886, 2649, 682, 3027, 2441, 4999, 4998, 4995, 4478, 4927, 4847]
[1925, 10134, 2916, 2983, 10108, 6924, 3209, 847, 6885, 2672, 684, 3086, 2443, 4999, 4998, 4991, 4162, 4928, 5150]
[1967, 10154, 2890, 2956, 10185, 6930, 3196, 1120, 6893, 2668, 629, 3026, 2562, 4999, 4999, 4997, 4003, 4909, 4866]
[2004, 10061, 2857, 2937, 10039, 6928, 3082, 813, 6904, 2915, 405, 3032, 2454, 4998, 4990, 4997, 2145, 4922, 4881]
[1934, 10117, 2922, 2968, 10063, 6924, 3288, 816, 6884, 2632, 662, 3061, 2445, 4999, 4999, 4992, 2861, 4927, 4862]
[1970, 10152, 2906, 2964, 10122, 6922, 3228, 1067, 6885, 2666, 631, 3040, 2405, 4998, 4999, 4996, 4377, 4917, 4874]
[2014, 10163, 2914, 2939, 10074, 6920, 3268, 855, 6891, 2669, 663, 3051, 2413, 4999, 4993, 4992, 4450, 4926, 6803]
[1971, 10064, 2896, 2958, 10083, 6927, 3253, 950, 6891, 2670, 570, 3045, 2417, 4999, 4999, 4994, 4224, 4924, 4841]
[1972, 10148, 2919, 2977, 10062, 6922, 3355, 887, 6885, 2664, 680, 3044, 2399, 4998, 4999, 4994, 4400, 4929, 4885]
[2044, 10072, 2903, 2939, 10131, 6925, 3175, 992, 6891, 2671, 634, 3079, 2450, 4999, 4990, 4990, 4365, 4927, 4989]
[2001, 10086, 2893, 2959, 10136, 6929, 3335, 1162, 6891, 2671, 656, 3034, 2494, 4999, 4998, 4996, 4305, 4911, 3922]
[1964, 10149, 2889, 2953, 10161, 6934, 3234, 1285, 6900, 2667, 634, 3025, 2495, 4999, 4998, 4997, 4255, 4914, 4862]
[1959, 10127, 2869, 2944, 10026, 6925, 3129, 954, 6889, 2737, 484, 3043, 2462, 4998, 4997, 4994, 4270, 4920, 6387]
[2012, 10032, 2899, 2935, 10169, 6930, 3153, 1297, 6913, 2668, 617, 3064, 2483, 4999, 4985, 4993, 3644, 4922, 5001]
[1967, 10086, 2891, 2950, 10139, 6929, 3176, 951, 6891, 2668, 614, 3022, 2468, 4999, 4998, 4997, 4299, 4911, 4874]
[2011, 10097, 2903, 2905, 10057, 6937, 3201, 803, 6890, 2956, 659, 3024, 2433, 4999, 4996, 4992, 4880, 4937, 4833]
[1997, 10104, 2903, 2964, 10063, 6923, 3101, 810, 6893, 2849, 347, 3047, 2477, 4998, 4995, 4994, 4375, 4921, 4848]
[1976, 10202, 2918, 2934, 10127, 6921, 3302, 861, 6909, 2668, 677, 3032, 2439, 4999, 4998, 4997, 4290, 4927, 4978]
[1976, 10144, 2911, 2961, 10069, 6922, 3236, 875, 6889, 2667, 684, 3038, 2408, 4998, 4999, 4997, 4363, 4930, 4845]
[2008, 10062, 2895, 2922, 10042, 6931, 3064, 912, 6906, 2741, 585, 3012, 2403, 4999, 4993, 4994, 4552, 4935, 4850]
[2027, 10082, 2858, 2931, 10020, 6922, 3230, 803, 6890, 2723, 607, 3089, 2471, 4998, 4994, 4995, 4563, 4913, 4866]
[2117, 10104, 2903, 2958, 10064, 6929, 3185, 805, 6892, 2637, 555, 3036, 2371, 4999, 4998, 4993, 4669, 4925, 4857]
[2027, 10095, 2860, 2899, 10061, 6929, 3063, 804, 6913, 3114, 512, 3029, 2437, 4999, 4992, 4997, 3963, 4934, 4867]
[1961, 10167, 2894, 2950, 10080, 6922, 3237, 1006, 6894, 2663, 724, 3021, 2427, 4998, 4998, 4998, 4965, 4923, 4890]
[2002, 10108, 2890, 2928, 10103, 6930, 3137, 849, 6908, 2671, 634, 3009, 2423, 4999, 4998, 4995, 4958, 4919, 4864]
[1978, 10109, 2923, 2969, 10115, 6932, 3315, 1327, 6906, 2667, 691, 3041, 2417, 4999, 4998, 4995, 4529, 4923, 4836]
[1942, 10132, 2889, 2961, 10090, 6931, 3266, 952, 6890, 2659, 730, 3035, 2444, 4999, 4998, 4997, 4140, 4926, 5608]
[1974, 10148, 2892, 2968, 10139, 6934, 3189, 1280, 6913, 2668, 726, 3038, 2421, 4999, 4998, 4994, 4880, 4923, 4856]
[2133, 10076, 2894, 2948, 10065, 6931, 3169, 785, 6890, 2671, 468, 3061, 2323, 4999, 4994, 4992, 4775, 4926, 4886]
[2008, 10060, 2891, 2950, 10144, 6929, 3152, 804, 6894, 2673, 311, 3034, 2499, 4999, 4999, 4996, 3773, 4909, 4884]
[1921, 10090, 2904, 2968, 10080, 6926, 3280, 835, 6884, 2675, 669, 3097, 2443, 4999, 4999, 4995, 4246, 4928, 4834]
[1934, 10107, 2876, 2913, 10082, 6928, 3063, 800, 6898, 3039, 524, 3052, 2437, 4999, 4992, 4996, 4064, 4930, 4839]
[1947, 10176, 2899, 2960, 10134, 6926, 3285, 845, 6884, 2669, 672, 3086, 2446, 4999, 4999, 4995, 4067, 4926, 4873]
[1932, 10093, 2910, 2976, 10104, 6925, 3216, 812, 6881, 2675, 672, 3088, 2441, 4999, 4999, 4991, 4273, 4926, 4850]
