[1985, 10085, 2916, 2968, 10075, 6929, 3225, 1136, 6890, 2669, 694, 3025, 2426, 4999, 4998, 4997, 2274, 4923, 4860]
[2070, 5192, 3579, 2693, 4999, 6419, 3604, 4986, 6545, 2490, 3212, 3434, 2416, 4997, 4998, 4998, 5013, 4999, 1821]
[2070, 4993, 3374, 2558, 4918, 6415, 3400, 4970, 6368, 2483, 3212, 1906, 6561, 4997, 4998, 4802, 9016, 4999, 1734]
[2070, 5152, 3398, 2693, 4716, 6138, 3604, 4986, 6421, 2490, 2945, 3299, 2275, 4887, 4998, 4922, 5013, 4730, 6416]
[1844, 5192, 3579, 4896, 4999, 6265, 3331, 4986, 6321, 2390, 2945, 3139, 2362, 4795, 4761, 4998, 5013, 4985, 5655]
[1892, 4911, 3554, 2693, 4999, 6388, 3465, 4838, 6545, 2443, 3212, 3160, 2416, 4747, 4998, 4998, 5013, 4999, 1704]
[1813, 5192, 3440, 2418, 4884, 6306, 3394, 4761, 6269, 2294, 2967, 3434, 2268, 4911, 4889, 2872, 5013, 9316, 1821]
[5281, 5192, 3579, 2465, 4955, 6257, 3604, 4986, 6292, 2433, 3212, 3365, 2298, 4997, 4998, 523, 5013, 4825, 1634]
[1982, 5111, 3579, 2693, 8546, 6419, 3555, 4916, 6389, 2251, 3212, 3327, 2214, 4707, 7377, 4998, 4782, 4928, 1683]
[2070, 4892, 3579, 1074, 4884, 9702, 3604, 4986, 6385, 2490, 3013, 3434, 2167, 4997, 4840, 4868, 4815, 4969, 1700]
[1846, 5013, 3300, 2431, 4776, 6419, 3567, 4796, 6545, 2449, 3070, 3434, 2336, 4865, 4914, 4998, 5013, 4756, 1584]
[2005, 5192, 3464, 2635, 4999, 6154, 3604, 4986, 6545, 2348, 3027, 3434, 2138, 4913, 4998, 4998, 9823, 4900, 1821]
[2015, 5084, 3522, 4777, 4762, 6394, 3454, 4986, 6278, 2490, 9999, 3251, 2265, 4772, 4907, 3499, 4880, 4999, 1769]
[2070, 5008, 3579, 2659, 4999, 6419, 3437, 4895, 1418, 931, 2968, 3434, 2416, 4997, 4778, 4750, 8915, 4887, 1654]
[2056, 5108, 3579, 2477, 4999, 6419, 7037, 4986, 6545, 2293, 3212, 3202, 5121, 4892, 4998, 4949, 5013, 4986, 1632]
[1881, 4977, 3579, 2693, 4808, 6281, 3432, 4837, 6408, 2303, 3212, 3406, 8109, 4711, 4998, 4998, 4860, 4907, 1715]
[2035, 5062, 3579, 2693, 4999, 9646, 3454, 4986, 6545, 2239, 3099, 7041, 2416, 4997, 4998, 4954, 5013, 4867, 1821]
[2008, 1495, 3362, 197, 4999, 6199, 489, 4706, 6457, 2423, 2912, 3434, 2228, 4997, 4822, 4894, 4759, 4775, 1810]
[2070, 5184, 3407, 2693, 4968, 6419, 3520, 4842, 6473, 2390, 2962, 3164, 2280, 4768, 4998, 8991, 4830, 4929, 1821]
[1834, 4929, 3579, 2614, 4830, 6415, 3442, 4689, 6304, 2490, 3212, 3219, 2261, 4973, 4984, 4998, 4949, 4733, 1821]
[2070, 5098, 3579, 2693, 4999, 6308, 3322, 4849, 3634, 2258, 3212, 3434, 2289, 4905, 4802, 4998, 4787, 4805, 1765]
[1926, 5192, 3317, 2407, 4994, 6166, 3536, 4869, 6545, 2490, 3143, 3434, 2389, 4997, 4733, 4916, 4927, 4999, 1522]
[1800, 4945, 3528, 2656, 4781, 6154, 3604, 4839, 6544, 2333, 3212, 3434, 2416, 4997, 4998, 4831, 4873, 4833, 1821]
[2070, 5192, 3458, 2625, 4999, 6225, 3604, 4770, 6449, 2195, 3212, 3238, 2416, 4735, 4819, 4793, 4768, 4999, 1624]
[2874, 5192, 3493, 2674, 4727, 6283, 3304, 4937, 6339, 2487, 3212, 3238, 2346, 8330, 4963, 4998, 5013, 4999, 5426]
[2070, 4960, 3532, 2693, 4919, 6277, 3413, 4986, 6377, 2490, 2978, 3290, 2416, 4797, 4920, 4998, 5013, 4999, 1821]
[2070, 5192, 3579, 2442, 4914, 6306, 3474, 4709, 6418, 2367, 3196, 3423, 2416, 4705, 4856, 4998, 5013, 4941, 1770]
[1778, 5192, 3467, 7861, 4787, 2546, 3604, 4807, 6463, 2219, 3166, 3322, 2153, 4782, 4754, 4782, 5013, 4767, 1582]
[2070, 4982, 3305, 2693, 4991, 6146, 3487, 4741, 6545, 2274, 9220, 6022, 2157, 4746, 4998, 4699, 5013, 4938, 1661]
[7883, 4957, 7295, 2443, 4960, 6390, 3440, 4976, 6545, 2333, 3192, 3336, 2416, 4745, 4998, 4989, 4968, 4998, 1551]
[2012, 5046, 3435, 2599, 4817, 417, 3478, 4867, 6383, 2490, 3010, 3158, 2241, 4997, 4722, 4757, 5013, 4838, 2325]
[1914, 4988, 3414, 2659, 4999, 567, 3366, 4765, 6401, 2223, 7393, 3434, 2416, 4893, 4780, 4998, 5013, 4926, 1743]
[1963, 5192, 3579, 2693, 4999, 6268, 3454, 4823, 6484, 2490, 3212, 3434, 2228, 4959, 4998, 4922, 4980, 4806, 1821]
[1991, 5192, 3454, 2693, 4804, 6336, 3545, 4789, 6403, 2338, 3212, 3434, 2283, 4945, 4998, 4998, 4860, 6384, 1740]
[2035, 4433, 3433, 2693, 756, 6317, 3311, 4986, 6519, 2347, 3014, 3434, 2416, 4717, 4883, 4873, 4998, 4737, 1755]
[1788, 5104, 3579, 2516, 4792, 6419, 3566, 4928, 6545, 2342, 3073, 3354, 2170, 4698, 4971, 4794, 4755, 4999, 1643]
[2043, 5192, 3286, 2693, 4910, 6372, 3337, 4869, 6490, 2449, 2928, 3434, 2190, 4997, 4998, 4944, 4790, 4999, 1821]
[1831, 4931, 3318, 2665, 4956, 537, 3604, 4838, 6531, 2490, 3158, 3139, 2416, 4997, 4933, 4998, 4743, 4770, 1685]
[2070, 5090, 3398, 2579, 4999, 6142, 3576, 4986, 6298, 2490, 3208, 9768, 2416, 4697, 4901, 4866, 4995, 4817, 1821]
[1884, 3003, 3579, 2693, 4883, 6419, 3604, 4986, 6282, 2313, 3212, 3432, 2416, 4997, 2238, 4936, 4925, 4966, 1729]
[2070, 5129, 3579, 2506, 4787, 6419, 3310, 6527, 6375, 2343, 2977, 3434, 2416, 4718, 4925, 4722, 4346, 4822, 1818]
[2032, 5001, 3579, 2693, 4917, 6319, 3698, 4916, 6351, 2490, 3161, 3434, 2181, 4798, 4855, 4998, 5013, 4930, 1748]
[1944, 5192, 3338, 2412, 4749, 6215, 3604, 4986, 6541, 2275, 3212, 3434, 2416, 4997, 4895, 4924, 5013, 4877, 1264]
[2012, 5147, 3485, 2475, 4999, 6350, 3604, 4688, 6485, 2207, 3212, 3218, 2237, 4877, 4998, 4723, 5013, 6879, 1764]
[1941, 4977, 3524, 2693, 4959, 6311, 3604, 4813, 6312, 2490, 3020, 3204, 2373, 4777, 4835, 4998, 3236, 4751, 1626]
[1893, 5192, 3579, 2155, 4971, 6178, 3604, 4986, 6269, 808, 3048, 6958, 2130, 4997, 4798, 4716, 4881, 4999, 1687]
[1853, 5128, 3579, 2597, 4892, 6286, 3604, 4765, 6340, 7615, 3212, 3338, 2307, 4929, 4698, 2936, 5013, 4823, 1548]
[2070, 5192, 3506, 2651, 4704, 6265, 3418, 4737, 650, 2311, 3052, 3434, 2416, 4997, 4956, 4702, 4864, 4807, 1793]
[2070, 5016, 3400, 2482, 4796, 6419, 3390, 4709, 6257, 2490, 2926, 3313, 2341, 4919, 4704, 4819, 4774, 4999, 1821]
[1896, 5192, 3401, 2456, 4735, 6176, 3512, 4760, 6427, 2398, 3212, 9358, 2416, 4997, 4998, 4998, 4950, 4999, 1661]
[1832, 4911, 3443, 2459, 8528, 5877, 2978, 4865, 6545, 2490, 3212, 3206, 2416, 4997, 4758, 6264, 5013, 4878, 1635]
[8271, 5192, 3579, 2472, 4921, 6208, 1781, 4798, 6345, 9819, 3209, 3239, 2416, 9109, 4998, 5389, 4757, 4859, 3132]
[1899, 10000, 2778, 8689, 10075, 7032, 2942, 846, 6598, 2669, 2939, 2790, 2426, 4894, 4761, 4938, 2072, 4923, 4788]
[1888, 9884, 2916, 2968, 10075, 6691, 2984, 1136, 6890, 2464, 694, 2958, 2412, 4810, 4998, 4759, 2124, 4923, 4739]
[1985, 10085, 2916, 2817, 10075, 5698, 3225, 1136, 6874, 2669, 694, 2764, 2276, 4886, 4998, 4997, 2198, 4923, 4602]
[1849, 9977, 2916, 2933, 9883, 6721, 3225, 1136, 6102, 2669, 421, 2750, 2426, 4999, 3726, 4997, 2086, 4923, 4683]
[1975, 9917, 2827, 2801, 5329, 6812, 3225, 910, 6835, 2761, 484, 3025, 2426, 4899, 4904, 4997, 2274, 4799, 4755]
[1769, 9967, 1681, 2704, 9857, 6904, 3053, 864, 6714, 2471, 617, 3025, 2245, 4871, 4968, 3920, 2082, 4654, 4739]
[1797, 10000, 2681, 2710, 9936, 6763, 3225, 1006, 6890, 2524, 8397, 2797, 2130, 4757, 4715, 4928, 2274, 4743, 4772]
[1799, 10085, 2649, 8694, 10075, 6929, 3225, 851, 6607, 2512, 655, 2768, 2412, 4986, 4998, 4997, 2274, 4817, 4733]
[1752, 9848, 2725, 4964, 10075, 6756, 3225, 921, 6761, 2497, 526, 2736, 2171, 4896, 4998, 4808, 2198, 4923, 4660]
[1980, 9849, 2916, 2767, 9902, 9611, 3120, 1136, 6890, 2376, 681, 2856, 2195, 5407, 4998, 4784, 244, 4911, 4860]
[1776, 10000, 2714, 2893, 9939, 6845, 3098, 1023, 6801, 2453, 447, 3025, 2311, 4734, 4706, 4834, 2038, 4923, 4811]
[1804, 10085, 2622, 2836, 10000, 6646, 3225, 1056, 7275, 2548, 538, 2775, 2216, 4900, 4868, 4997, 2183, 5844, 4812]
[1985, 7716, 2916, 2798, 10000, 6763, 3225, 964, 6641, 2441, 490, 2863, 2290, 6030, 4923, 4997, 2203, 4923, 5646]
[1768, 10000, 2842, 2706, 9873, 6929, 3206, 1040, 6890, 2669, 656, 2737, 2426, 4999, 4943, 4903, 2147, 6974, 4860]
[1758, 9890, 2640, 2872, 10000, 6912, 3225, 965, 6890, 2640, 441, 2854, 2234, 4766, 4985, 4846, 2071, 4697, 4690]
[1985, 9912, 2636, 2808, 10075, 6929, 3225, 1109, 6612, 2669, 482, 3010, 2426, 4885, 4998, 4997, 2274, 4623, 4860]
[1880, 10085, 2716, 2821, 9845, 6725, 3138, 929, 6721, 2523, 451, 3025, 2426, 4999, 4866, 4859, 2231, 4796, 3628]
[1895, 9982, 2818, 2685, 9895, 6929, 3004, 1081, 131, 2449, 654, 3021, 2188, 4999, 4998, 4997, 2274, 4919, 4563]
[1759, 3087, 2694, 2968, 10075, 6755, 2973, 994, 7430, 2421, 694, 7604, 2206, 4999, 4718, 4997, 2274, 4739, 4759]
[1985, 10085, 2916, 2775, 10000, 6845, 3225, 872, 6650, 2669, 540, 2830, 2201, 4999, 4998, 4997, 2079, 4695, 4860]
[1881, 10085, 2649, 2757, 9818, 6636, 3052, 1116, 6890, 2590, 425, 2850, 2158, 4999, 4786, 4840, 6957, 4758, 4747]
[1985, 9928, 2916, 2715, 5579, 6854, 3054, 1086, 6890, 2455, 572, 2851, 2426, 4956, 4876, 4997, 2063, 4841, 4709]
[1886, 10085, 2807, 2699, 9951, 6746, 3225, 1034, 6890, 2658, 480, 3025, 2166, 5685, 4964, 4884, 2274, 4721, 9950]
[1985, 401, 2633, 2968, 10075, 6729, 3225, 938, 6757, 2669, 694, 2981, 2227, 4999, 4801, 4995, 1998, 4779, 2352]
[1985, 9974, 2628, 2785, 10000, 6895, 3218, 919, 6754, 2406, 476, 2818, 2426, 4999, 4798, 9369, 2241, 4785, 4671]
[1835, 10085, 2913, 2919, 10000, 6794, 3004, 1065, 6890, 2626, 417, 3025, 2426, 4829, 4795, 4704, 2205, 4685, 4739]
[1905, 10000, 2651, 4249, 9918, 6866, 3057, 985, 6848, 2391, 694, 1529, 2426, 4954, 5853, 4936, 2274, 4841, 4790]
[1887, 9917, 2916, 2797, 10075, 2100, 3168, 1136, 6890, 2669, 413, 3025, 2315, 4999, 4853, 4997, 2217, 4923, 4740]
[1985, 9899, 2916, 2961, 10000, 6666, 2959, 806, 6748, 2669, 686, 5187, 2128, 4849, 7075, 4961, 2194, 4923, 4784]
[1713, 9911, 2916, 2968, 9788, 6680, 2957, 959, 7476, 530, 436, 2792, 2426, 4709, 4926, 4905, 2024, 4875, 4762]
[1985, 9925, 2836, 2968, 9837, 6891, 3220, 5286, 6723, 2669, 694, 1314, 2130, 4999, 4998, 4997, 2058, 4844, 4860]
[1847, 9923, 2916, 2968, 7035, 6929, 9360, 1136, 6592, 2396, 579, 2958, 2282, 4999, 4797, 4997, 2211, 4739, 4587]
[1985, 9803, 2642, 2765, 4288, 6853, 3178, 1033, 6596, 2476, 512, 1023, 2426, 4989, 4700, 7673, 2274, 4762, 4828]
[1730, 9939, 2812, 2968, 10075, 6682, 199, 974, 6836, 2616, 555, 3025, 2426, 4981, 4998, 4997, 2249, 2495, 4750]
[1926, 9973, 2763, 9792, 6017, 6745, 2941, 1136, 6885, 2669, 514, 2853, 2426, 4878, 4889, 4768, 2274, 4923, 4563]
[1976, 9921, 2754, 8837, 6400, 6833, 3046, 1007, 6594, 2669, 7853, 3025, 2426, 4999, 4982, 4849, 2162, 4923, 4610]
[1985, 10000, 2908, 1475, 9943, 6929, 3225, 1136, 6863, 726, 694, 3019, 2206, 4773, 4861, 4852, 2274, 4923, 4860]
[1912, 9846, 3521, 2727, 9916, 1608, 3225, 7724, 6890, 2507, 651, 2855, 2315, 4999, 4978, 4988, 2274, 4830, 4790]
[1943, 10085, 2780, 2968, 10000, 6929, 3111, 1003, 6755, 2549, 694, 4235, 3884, 4793, 2761, 4997, 2274, 4694, 4758]
[1985, 10000, 2690, 2968, 6447, 6929, 2933, 8565, 6890, 2663, 553, 2825, 2426, 4999, 4998, 4777, 2243, 4923, 4827]
[1845, 9786, 2704, 2865, 9964, 6818, 3058, 965, 6890, 2389, 694, 2732, 2426, 4999, 4998, 4970, 2274, 4872, 4732]
[1985, 10085, 2916, 2902, 10075, 6690, 2979, 1027, 6870, 2445, 506, 2886, 7026, 4962, 4824, 4698, 1991, 4775, 4860]
[1855, 10085, 2916, 2968, 9977, 6929, 3070, 1020, 6691, 2669, 589, 3025, 2411, 4937, 4992, 4791, 2274, 4646, 4807]
[1810, 9971, 2852, 2691, 10075, 6929, 3088, 1136, 6678, 2476, 8475, 2920, 2426, 4999, 4998, 6843, 43, 4673, 4860]
[1821, 9918, 2899, 2968, 10075, 6925, 2959, 1005, 6852, 2510, 443, 2939, 2394, 4844, 4720, 4997, 2123, 4826, 7723]
[1759, 9819, 2719, 2937, 9784, 6779, 3215, 1061, 6890, 2882, 694, 2996, 2426, 4970, 4998, 4887, 2274, 4780, 4860]
[1831, 10000, 2916, 2931, 520, 6929, 1420, 1136, 6876, 2540, 517, 2808, 2426, 4912, 4949, 4720, 1979, 4815, 4611]
[1705, 10085, 2916, 2740, 4560, 1897, 3225, 883, 6890, 2587, 459, 3025, 2426, 4832, 4963, 4997, 2261, 4636, 4619]
