[2070, 5192, 3579, 2693, 4999, 6419, 3604, 4986, 6545, 2490, 3212, 3434, 2416, 4997, 4998, 4998, 5013, 4999, 1821]
[2073, 4998, 3579, 2694, 5000, 6422, 3604, 4992, 6549, 2485, 4271, 3435, 2421, 4998, 4999, 4999, 4922, 5000, 1697]
[2072, 4996, 3579, 2694, 4999, 6419, 3604, 4978, 6546, 2491, 4015, 3436, 2428, 4997, 4999, 4999, 4932, 4998, 1563]
[2067, 5377, 3577, 2693, 4988, 6398, 3604, 4990, 6547, 2481, 4001, 3439, 2398, 4997, 4998, 4998, 5065, 4982, 2308]
[2072, 5572, 3579, 2694, 4998, 6416, 3604, 4992, 6549, 2483, 4101, 3440, 2403, 4997, 4998, 4998, 5283, 4999, 2470]
[2072, 4996, 3579, 2693, 4999, 6420, 3604, 4986, 6547, 2486, 4147, 3434, 2427, 4997, 4998, 4998, 5015, 4999, 1667]
[2072, 4996, 3579, 2692, 4999, 6420, 3604, 4982, 6546, 2487, 4079, 3434, 2425, 4997, 4998, 4998, 5006, 4999, 1583]
[2071, 4773, 3577, 2683, 4989, 6407, 3604, 4947, 6539, 2485, 4055, 3441, 2429, 4996, 4998, 4998, 5069, 4993, 1991]
[2069, 4994, 3579, 2690, 4997, 6420, 3604, 4986, 6544, 2487, 4287, 3437, 2418, 4997, 4998, 4998, 4986, 4999, 1791]
[2072, 4996, 3579, 2693, 4999, 6421, 3604, 4984, 6547, 2486, 4258, 3435, 2420, 4997, 4998, 4998, 5021, 4999, 1729]
[2073, 4997, 3579, 2690, 5000, 6422, 3604, 4987, 6549, 2486, 4300, 3434, 2419, 4997, 4998, 4998, 5033, 5000, 1761]
[2073, 4997, 3579, 2694, 5000, 6422, 3604, 4990, 6549, 2486, 4415, 3437, 2410, 4997, 4998, 4998, 4898, 5000, 1794]
[2072, 5249, 3579, 2689, 4998, 6422, 3604, 4986, 6548, 2490, 4483, 3436, 2415, 4997, 4998, 4998, 5107, 4999, 2049]
[2068, 5565, 3577, 2690, 4988, 6400, 3604, 4953, 6542, 2484, 4024, 3443, 2426, 4996, 4998, 4998, 5062, 4991, 2522]
[2072, 4994, 3578, 2688, 4985, 6413, 3604, 4979, 6548, 2485, 4236, 3440, 2428, 4997, 4997, 4998, 5140, 4993, 1607]
[2072, 4995, 3577, 2685, 4987, 6411, 3604, 4955, 6547, 2484, 4047, 3440, 2428, 4997, 4997, 4998, 5130, 4995, 1478]
[2069, 4995, 3579, 2694, 5355, 6417, 3604, 4978, 6543, 2491, 4109, 3438, 2421, 4997, 4999, 4999, 4909, 4998, 1033]
[2072, 4994, 3578, 2683, 4997, 6411, 3604, 4962, 6546, 2483, 4111, 3438, 2428, 4997, 4998, 4998, 5087, 4995, 1484]
[2073, 4997, 3579, 2693, 5000, 6422, 3604, 4989, 6549, 2490, 4366, 3436, 2414, 4997, 4998, 4998, 5006, 5000, 2017]
[2072, 4995, 3578, 2681, 4994, 6418, 3604, 4957, 6547, 2489, 4062, 3440, 2428, 4997, 4998, 4998, 5109, 4994, 1530]
[2071, 4994, 3579, 2690, 5060, 6417, 3604, 4986, 6543, 2490, 4289, 3435, 2417, 4997, 4998, 4998, 4379, 4999, 2099]
[2066, 4972, 3577, 2692, 4993, 6408, 3604, 4992, 6545, 2481, 4236, 3435, 2401, 4998, 4998, 4999, 5022, 4997, 1545]
[2072, 4997, 3578, 2684, 4989, 6410, 3604, 4968, 6548, 2487, 3129, 3441, 2422, 4997, 4997, 4998, 5101, 4990, 1752]
[2068, 5693, 3578, 2691, 4987, 6417, 3604, 4963, 6538, 2483, 4165, 3436, 2428, 4995, 4999, 4999, 5302, 4995, 3020]
[2071, 4992, 3579, 2694, 4996, 6416, 3604, 4956, 6546, 2483, 3967, 3433, 2428, 4997, 4999, 4999, 5029, 4999, 1160]
[2071, 4995, 3579, 2694, 4998, 6417, 3604, 4980, 6543, 2491, 4173, 3437, 2419, 4997, 4999, 4999, 4906, 4998, 2092]
[2073, 4998, 3579, 2694, 5000, 6420, 3604, 4992, 6549, 2483, 3955, 3433, 2429, 4998, 4999, 4999, 5304, 5000, 690]
[2071, 4992, 3579, 2684, 4996, 6414, 3604, 4925, 6543, 2490, 4312, 3437, 2416, 4996, 4998, 4998, 4989, 4998, 2148]
[2073, 4997, 3579, 2692, 5000, 6421, 3604, 4987, 6549, 2488, 4587, 3437, 2405, 4997, 4998, 4998, 4955, 5000, 1983]
[2071, 4984, 3579, 2691, 4999, 6419, 3604, 4416, 6548, 2487, 4003, 3434, 2427, 4997, 4998, 4998, 5462, 4999, 1140]
[2071, 5314, 3579, 2694, 4996, 6413, 3604, 4928, 6545, 2490, 4066, 3434, 2351, 4995, 4998, 4998, 5007, 4998, 2476]
[2072, 4994, 3579, 2693, 4997, 6419, 3604, 4986, 6542, 2490, 4219, 3431, 2416, 4996, 4998, 4998, 5300, 4999, 2155]
[2073, 4998, 3579, 2695, 5000, 6423, 3605, 4993, 6549, 2491, 4564, 3440, 2401, 4999, 4999, 4999, 4891, 5000, 2047]
[2070, 4989, 3579, 2694, 4995, 6413, 3604, 4915, 6543, 2492, 3988, 3433, 2428, 4995, 4999, 4999, 4986, 4998, 1978]
[2066, 4972, 3577, 2692, 4980, 6395, 3604, 4989, 6542, 2481, 3970, 3435, 2430, 4998, 4998, 4999, 5272, 4980, 646]
[2072, 5219, 3579, 2686, 4998, 6413, 3607, 4970, 6544, 2488, 4129, 3437, 2396, 4995, 4997, 4998, 5039, 4997, 2069]
[2070, 4984, 3577, 2693, 4981, 6406, 3604, 4981, 6544, 2488, 3992, 3435, 2428, 4997, 4998, 4999, 991, 4996, 1434]
[2070, 5321, 3579, 2690, 4997, 6412, 3604, 4918, 6543, 2490, 4195, 3435, 2394, 4994, 4998, 4998, 5009, 4997, 2636]
[2073, 4997, 3579, 2687, 5000, 6422, 3604, 4991, 6549, 2486, 4589, 3437, 2405, 4996, 4998, 4998, 5279, 5000, 2037]
[2062, 5204, 3578, 2693, 4983, 6417, 3604, 4968, 6542, 2483, 4465, 3434, 2428, 4996, 4999, 4999, 5006, 4998, 1862]
[2069, 4994, 3579, 2694, 4996, 6420, 3604, 4990, 6543, 2491, 4469, 3439, 2412, 4998, 4999, 4999, 4894, 4999, 2079]
[2070, 5009, 3576, 2672, 4990, 6410, 3606, 4940, 6544, 2483, 4635, 3438, 2429, 4997, 4998, 4997, 4425, 4994, 2653]
[2066, 4976, 3577, 2693, 4983, 6412, 3604, 4990, 6542, 2482, 3961, 3434, 2429, 4998, 4998, 4999, 5287, 4997, 647]
[2072, 4995, 3579, 2690, 4998, 6416, 3604, 4573, 6548, 2487, 4289, 3434, 2424, 4996, 4998, 4998, 5042, 4998, 1517]
[2064, 4970, 3577, 2678, 4979, 6384, 3604, 4989, 6541, 2481, 3990, 3435, 2430, 4998, 4998, 4999, 5131, 4976, 632]
[2069, 4995, 3579, 2692, 4997, 6419, 3604, 4986, 6545, 2488, 4132, 3430, 2425, 4995, 4997, 4998, 4039, 4999, 1683]
[2072, 5479, 3579, 2694, 4999, 6413, 3604, 4988, 6547, 2484, 3955, 3433, 2428, 4997, 4999, 4999, 5151, 4998, 1208]
[2066, 4974, 3578, 2693, 4989, 6411, 3604, 4987, 6542, 2483, 4089, 3437, 2419, 4997, 4998, 4999, 5159, 4980, 1455]
[2071, 4992, 3579, 2694, 4997, 6419, 3604, 4991, 6546, 2484, 4118, 3437, 2416, 4997, 4999, 4999, 5055, 4999, 822]
[2069, 4988, 3579, 2694, 4996, 6415, 3604, 4660, 6543, 2491, 3991, 3434, 2428, 4995, 4999, 4999, 5222, 4998, 1419]
[2069, 4996, 3579, 2694, 4998, 6417, 3604, 4988, 6548, 2484, 4100, 3438, 2424, 4997, 4999, 4999, 5057, 4999, 787]
[2072, 5399, 3577, 2683, 4992, 6410, 3607, 4938, 6544, 2485, 4200, 3440, 2416, 4994, 4997, 4998, 5120, 4994, 2509]
[2071, 4989, 3579, 2687, 4997, 6413, 3604, 4917, 6543, 2487, 4099, 3433, 2428, 4994, 4998, 4998, 5094, 4998, 1988]
[2071, 4986, 3579, 2690, 4999, 6420, 3604, 4965, 6546, 2486, 4157, 3434, 2427, 4997, 4998, 4998, 5153, 4999, 906]
[2071, 4989, 3578, 2683, 4989, 6411, 3604, 4937, 6546, 2485, 4268, 3440, 2430, 4996, 4997, 4998, 5033, 4995, 1323]
[2068, 4972, 3577, 2692, 4967, 6408, 3604, 5155, 6540, 2490, 4029, 3437, 2428, 4996, 4998, 4999, 5085, 4993, 1107]
[2072, 5289, 3579, 2689, 4998, 6413, 3604, 4963, 6544, 2489, 4097, 3436, 2401, 4994, 4997, 4998, 5000, 4997, 2159]
[2072, 4993, 3579, 2683, 4998, 6414, 3604, 4920, 6544, 2484, 4375, 3433, 2428, 4994, 4998, 4998, 5215, 4998, 2116]
[2070, 4996, 3579, 2690, 4998, 6420, 3604, 4491, 6548, 2487, 4112, 3434, 2419, 4996, 4998, 4998, 5250, 4999, 1169]
[2069, 4992, 3579, 2694, 4996, 6415, 3604, 4986, 6542, 2491, 4272, 3439, 2416, 4997, 4999, 4999, 4895, 4999, 2157]
[2069, 4979, 3579, 2694, 4999, 6419, 3604, 4930, 6547, 2490, 3990, 3434, 2428, 4996, 4999, 4999, 5291, 4999, 836]
[2069, 4983, 3579, 2694, 4995, 6414, 3604, 4728, 6544, 2491, 4006, 3433, 2428, 4995, 4999, 4999, 5158, 4998, 1293]
[2068, 5223, 3575, 2671, 4988, 6399, 3607, 4940, 6533, 2482, 5332, 3445, 2432, 4997, 4998, 4997, 3064, 4992, 2814]
[2070, 5821, 3579, 2694, 4989, 6408, 3607, 4924, 6547, 2487, 4164, 3443, 2325, 4994, 4998, 4998, 3160, 4999, 3399]
[2067, 4974, 3578, 2693, 4983, 6408, 3604, 4921, 6542, 2491, 3987, 3434, 2428, 4995, 4998, 4999, 1053, 4985, 1248]
[2061, 5699, 3578, 2689, 4973, 6412, 3605, 4951, 6535, 2483, 4652, 3437, 2428, 4994, 4999, 4999, 5000, 4994, 3168]
[2066, 4992, 3578, 2692, 4990, 6416, 3604, 4991, 6547, 2481, 3967, 3433, 2429, 4998, 4998, 4999, 5794, 4985, 677]
[2070, 4992, 3579, 2686, 4996, 6414, 3604, 4924, 6542, 2489, 4284, 3437, 2417, 4996, 4998, 4998, 5086, 4998, 1253]
[2072, 4993, 3577, 2675, 4985, 6409, 3604, 4953, 6548, 2482, 4115, 3442, 2431, 4997, 4997, 4998, 5143, 4989, 890]
[2069, 4978, 3579, 2694, 4997, 6416, 3604, 4382, 6545, 2491, 4011, 3435, 2428, 4996, 4999, 4999, 5262, 4998, 902]
[2072, 5608, 3579, 2689, 4997, 6410, 3604, 4930, 6542, 2486, 4300, 3436, 2418, 4994, 4998, 4998, 4912, 4998, 2605]
[2091, 4993, 3579, 2692, 4996, 6415, 3604, 4986, 6543, 2483, 4224, 3435, 2419, 4995, 4997, 4998, 4256, 4999, 1532]
[2071, 4978, 3579, 2688, 4998, 6412, 3604, 4923, 6542, 2488, 4148, 3433, 2428, 4996, 4998, 4998, 5206, 4998, 1092]
[2071, 5795, 3579, 2688, 4995, 6408, 3605, 4917, 6540, 2488, 4138, 3438, 2393, 4994, 4998, 4998, 5010, 4997, 2832]
[2067, 4983, 3577, 2692, 4986, 6412, 3604, 4990, 6546, 2481, 3955, 3434, 2429, 4998, 4998, 4999, 5293, 4981, 656]
[2069, 4994, 3579, 2694, 4996, 6416, 3604, 4979, 6542, 2491, 4167, 3438, 2420, 4997, 4999, 4999, 4918, 4998, 609]
[2069, 5448, 3577, 2695, 4987, 6403, 3607, 4929, 6544, 2482, 5259, 3444, 2423, 4996, 4998, 4997, 3926, 4995, 3135]
[2068, 4987, 3577, 2692, 4982, 6396, 3604, 4986, 6542, 2487, 4172, 3437, 2416, 4997, 4998, 4999, 5256, 4990, 938]
[2060, 4844, 3565, 2666, 4940, 6343, 3606, 5096, 6675, 2453, 4059, 3447, 2423, 4998, 4988, 4998, 4707, 4978, 889]
[2072, 5800, 3579, 2684, 4998, 6412, 3608, 4923, 6544, 2488, 4214, 3439, 2393, 4993, 4997, 4998, 5079, 4997, 3656]
[2072, 5814, 3579, 2694, 4998, 6414, 3605, 4993, 6549, 2487, 4118, 3444, 2256, 4997, 4998, 4998, 5059, 4999, 3406]
[2070, 5827, 3579, 2696, 4987, 6405, 3608, 4924, 6547, 2487, 5053, 3443, 2413, 4994, 4998, 4998, 5085, 4999, 3269]
[2070, 5812, 3579, 2689, 4996, 6408, 3604, 4917, 6542, 2486, 4308, 3446, 2410, 4993, 4999, 4998, 4824, 4996, 3121]
[2072, 5594, 3579, 2687, 4998, 6416, 3605, 4966, 6544, 2490, 4024, 3436, 2400, 4993, 4998, 4998, 5000, 4997, 2568]
[2072, 4994, 3579, 2687, 4998, 6415, 3604, 4928, 6548, 2483, 4241, 3433, 2428, 4994, 4998, 4998, 5223, 4999, 1618]
[2070, 5328, 3579, 2695, 4989, 6409, 3607, 4946, 6546, 2489, 4763, 3438, 2413, 4996, 4998, 4998, 5061, 4998, 1726]
[2068, 4892, 3570, 2678, 4977, 6344, 3604, 4912, 6643, 2463, 4029, 3435, 2424, 4997, 4995, 4998, 4761, 4979, 889]
[2059, 4956, 3577, 2692, 4967, 6351, 3604, 5178, 6540, 2490, 4041, 3438, 2428, 4996, 4998, 4999, 4899, 4962, 1394]
[2072, 4997, 3579, 2694, 4995, 6416, 3604, 4969, 6547, 2491, 5547, 3435, 2416, 4998, 4999, 4999, 4944, 4998, 2030]
[2070, 5824, 3579, 2694, 4996, 6406, 3607, 4951, 6547, 2487, 5012, 3443, 2364, 4994, 4998, 4998, 5059, 4999, 3348]
[2071, 5681, 3579, 2694, 4996, 6413, 3529, 4932, 6546, 2490, 4039, 3436, 2349, 4995, 4998, 4998, 5053, 4998, 3088]
[2070, 4978, 3579, 2694, 4999, 6408, 3604, 4947, 6539, 2489, 3990, 3434, 2428, 4997, 4999, 4999, 5196, 4999, 604]
[2069, 4978, 3579, 2694, 4995, 6407, 3604, 4915, 6538, 2493, 4055, 3437, 2428, 4995, 4999, 4999, 4899, 4997, 2163]
[2069, 4990, 3579, 2694, 4995, 6414, 3604, 4917, 6542, 2491, 4086, 3438, 2419, 4996, 4999, 4999, 4952, 4998, 699]
[2059, 4945, 3577, 2678, 4967, 6344, 3604, 4989, 6541, 2481, 4029, 3439, 2431, 4998, 4998, 4999, 4900, 4949, 631]
[2071, 4984, 3579, 2690, 4998, 6418, 3604, 4959, 6548, 2488, 4011, 3431, 2428, 4995, 4998, 4998, 5302, 4999, 915]
[2068, 5061, 3576, 2685, 4988, 6408, 3606, 4948, 6537, 2488, 4079, 3437, 2428, 4997, 4998, 4997, 4448, 4996, 2789]
[2073, 4997, 3579, 2686, 5000, 6420, 3604, 4984, 6549, 2486, 4641, 3435, 2426, 4994, 4998, 4998, 5305, 5000, 1804]
[2073, 4997, 3579, 2690, 5000, 6420, 3604, 4986, 6549, 2483, 4012, 3430, 2429, 4995, 4997, 4998, 5308, 5000, 919]
[2073, 4997, 3579, 2690, 5000, 6420, 3604, 4986, 6549, 2483, 4012, 3430, 2429, 4995, 4997, 4998, 3452, 5000, 919]
