[417, 1089, 563, 271, 1055, 894, 325, 947, 1233, 176, 1000, 1457, 811, 997, 694, 195, 1015, 528, 543, 1045, 1000, 1052, 993, 1234, 1000]
[417, 1089, 601, 293, 1109, 894, 291, 962, 1233, 204, 1014, 1471, 811, 997, 685, 195, 1015, 556, 540, 1036, 1000, 1052, 513, 1234, 1025]
[474, 1089, 563, 233, 1050, 870, 325, 947, 1229, 213, 989, 899, 773, 975, 659, 714, 766, 564, 215, 985, 963, 1052, 953, 1224, 943]
[455, 1089, 563, 274, 1149, 930, 325, 988, 1185, 185, 1032, 1405, 811, 988, 694, 179, 993, 1711, 543, 1022, 805, 1042, 993, 1234, 1000]
[1840, 1089, 563, 265, 1055, 855, 355, 947, 1184, 193, 1025, 1408, 832, 982, 1564, 221, 1013, 556, 543, 998, 1000, 1036, 993, 1234, 954]
[397, 1043, 586, 248, 1070, 923, 336, 893, 1207, 996, 1000, 1457, 811, 997, 542, 195, 1015, 528, 543, 1076, 435, 1100, 993, 1237, 1008]
[417, 1136, 593, 227, 1104, 894, 325, 992, 1219, 121, 1000, 1510, 785, 975, 638, 153, 1015, 528, 591, 1045, 1000, 1052, 1009, 1211, 978]
[473, 1133, 549, 1571, 1050, 908, 324, 926, 1278, 604, 1037, 1425, 811, 985, 1896, 146, 992, 517, 542, 1072, 996, 1044, 1124, 154, 1000]
[417, 1089, 1561, 239, 1018, 894, 286, 990, 1272, 151, 975, 1480, 811, 997, 743, 167, 1015, 528, 525, 1034, 1000, 1052, 955, 1184, 1038]
[462, 273, 563, 218, 473, 851, 325, 967, 1233, 135, 653, 1482, 811, 1053, 685, 231, 981, 556, 543, 1013, 978, 1013, 1958, 1177, 1052]
[262, 972, 478, 422, 1011, 803, 325, 947, 1233, 176, 1000, 1457, 811, 997, 694, 195, 1015, 528, 543, 1045, 1000, 1052, 980, 1058, 1000]
[299, 1011, 238, 394, 317, 794, 360, 946, 1181, 145, 1031, 1457, 831, 945, 694, 174, 1015, 528, 543, 1089, 1052, 1058, 922, 1058, 1000]
[278, 953, 478, 422, 1011, 767, 350, 947, 1233, 176, 1000, 1457, 812, 966, 115, 176, 958, 549, 31, 1960, 1033, 1052, 1254, 1028, 1044]
[262, 947, 478, 422, 1062, 803, 380, 971, 1233, 177, 1000, 1497, 811, 1023, 694, 171, 986, 733, 543, 1042, 1046, 369, 1026, 1060, 1014]
[212, 959, 514, 407, 1011, 843, 325, 969, 1233, 176, 1045, 1447, 811, 1016, 640, 195, 126, 523, 492, 1081, 1000, 1017, 980, 1058, 1027]
[250, 1016, 480, 370, 969, 777, 270, 947, 1270, 125, 1000, 1447, 811, 1004, 694, 145, 1947, 519, 485, 1056, 1000, 1000, 947, 489, 959]
[207, 972, 502, 630, 356, 775, 325, 947, 1965, 176, 986, 1457, 804, 997, 659, 176, 197, 573, 543, 1045, 1044, 1068, 980, 1058, 1000]
[1163, 1025, 478, 385, 182, 811, 363, 890, 18, 176, 1031, 1498, 811, 182, 748, 214, 1015, 571, 543, 1063, 1059, 1052, 980, 1011, 947]
[1573, 972, 419, 422, 1011, 803, 325, 971, 1180, 207, 1000, 1423, 809, 997, 874, 144, 1038, 528, 543, 991, 955, 1052, 922, 1073, 970]
[261, 66, 478, 422, 1052, 803, 325, 1005, 1233, 133, 1000, 1483, 811, 952, 740, 161, 1015, 531, 543, 1045, 1011, 1031, 921, 1058, 950]
[262, 1873, 1496, 441, 1009, 744, 1364, 947, 1233, 172, 954, 1453, 807, 991, 748, 201, 1066, 543, 543, 1918, 1000, 1051, 980, 1043, 1017]
[262, 1000, 715, 165, 967, 599, 594, 697, 1200, 176, 1000, 1457, 811, 997, 694, 195, 1015, 528, 543, 1045, 1000, 1052, 980, 1058, 1000]
[222, 1039, 715, 189, 967, 643, 594, 499, 1200, 222, 1000, 800, 819, 1040, 694, 195, 1015, 528, 536, 1039, 1000, 1052, 977, 1101, 1000]
[262, 1000, 718, 149, 967, 574, 535, 1889, 1165, 176, 998, 1472, 822, 943, 646, 229, 1043, 469, 543, 314, 1038, 871, 1032, 1038, 976]
[262, 1000, 777, 157, 967, 599, 629, 697, 1167, 152, 1000, 1476, 778, 997, 677, 145, 1015, 500, 577, 1015, 989, 1069, 978, 1058, 1014]
[292, 1172, 715, 137, 1026, 599, 581, 648, 1184, 218, 989, 1457, 778, 1039, 662, 1619, 1043, 528, 543, 128, 956, 1052, 959, 1033, 1014]
[262, 1053, 761, 220, 957, 599, 594, 697, 1228, 176, 1000, 1496, 854, 997, 740, 195, 1058, 802, 587, 1045, 1034, 1042, 999, 1103, 986]
[1910, 1000, 697, 130, 1015, 579, 619, 697, 1240, 176, 1000, 1501, 848, 959, 1539, 216, 965, 555, 542, 1045, 1000, 1069, 1103, 1058, 941]
[262, 1372, 715, 166, 970, 285, 592, 690, 1200, 176, 1040, 1457, 829, 997, 675, 195, 960, 591, 543, 1070, 1045, 1004, 939, 1098, 976]
[216, 954, 1247, 1856, 967, 634, 648, 735, 1219, 201, 974, 1454, 831, 1930, 694, 195, 1015, 528, 543, 1045, 1000, 1077, 963, 1058, 1000]
[207, 1000, 703, 143, 929, 644, 559, 697, 1144, 144, 1045, 1512, 845, 957, 671, 195, 1058, 804, 591, 1278, 1058, 1062, 948, 1058, 1059]
[242, 970, 764, 165, 792, 35, 644, 748, 1200, 139, 967, 1484, 811, 1008, 697, 138, 1047, 564, 589, 1045, 1019, 1034, 994, 1051, 1000]
[262, 1000, 715, 165, 948, 672, 271, 1514, 964, 493, 985, 1549, 811, 997, 694, 195, 1015, 528, 543, 1045, 1000, 1052, 980, 1058, 1000]
[308, 1003, 715, 117, 948, 672, 215, 1483, 995, 493, 989, 1549, 767, 997, 665, 195, 691, 539, 505, 1038, 996, 1023, 1017, 1058, 947]
[288, 1000, 727, 183, 939, 672, 267, 1555, 1006, 1250, 994, 1534, 811, 976, 1572, 195, 1015, 498, 543, 1017, 957, 1052, 996, 1918, 1033]
[787, 1053, 655, 165, 948, 672, 273, 1497, 965, 530, 985, 1520, 811, 1018, 685, 253, 1054, 528, 578, 1037, 916, 1052, 980, 1007, 958]
[235, 1028, 764, 165, 948, 672, 778, 1491, 556, 493, 981, 1608, 823, 997, 694, 212, 990, 549, 527, 1661, 1003, 1111, 949, 1082, 983]
[262, 1027, 722, 165, 107, 630, 269, 1509, 919, 443, 1000, 1558, 787, 1044, 718, 152, 1044, 586, 543, 384, 999, 1096, 980, 1058, 1812]
[317, 946, 671, 200, 948, 684, 320, 1514, 936, 802, 985, 1549, 770, 997, 694, 236, 1015, 528, 543, 1045, 1000, 1052, 980, 1605, 941]
[262, 977, 753, 110, 948, 13, 271, 785, 944, 447, 1335, 1549, 838, 1041, 693, 244, 1019, 539, 543, 1022, 1000, 1052, 1015, 1006, 943]
[271, 1000, 715, 165, 979, 638, 271, 1514, 1010, 492, 945, 1549, 841, 990, 658, 154, 1015, 555, 595, 1062, 1052, 1052, 987, 1063, 1001]
[210, 1031, 715, 161, 1001, 672, 254, 1528, 1478, 674, 985, 1599, 753, 958, 694, 155, 1026, 476, 532, 1045, 1025, 1024, 973, 1107, 1001]
[262, 1029, 715, 165, 948, 695, 300, 1514, 988, 834, 1008, 1549, 827, 967, 694, 230, 1040, 469, 526, 1045, 972, 1049, 980, 1078, 1011]
[262, 1000, 715, 165, 948, 672, 271, 1055, 894, 325, 983, 1622, 951, 977, 762, 195, 1015, 528, 543, 1045, 1000, 1052, 980, 1058, 1000]
[262, 1054, 694, 219, 930, 678, 309, 1055, 848, 325, 1026, 1564, 999, 1409, 762, 1197, 966, 493, 543, 1075, 1000, 1086, 980, 1068, 1000]
[262, 1000, 748, 219, 948, 680, 305, 1055, 902, 359, 956, 1663, 951, 977, 762, 169, 1015, 510, 543, 1015, 1000, 1064, 980, 1097, 1022]
[318, 951, 715, 167, 906, 701, 271, 1109, 894, 325, 1042, 1659, 1003, 680, 817, 195, 1015, 1376, 540, 1034, 954, 1023, 1489, 1031, 1046]
[260, 1012, 715, 119, 948, 667, 271, 1091, 894, 125, 976, 1619, 903, 977, 737, 195, 994, 528, 501, 1061, 947, 1092, 966, 1058, 1035]
[262, 1000, 692, 158, 986, 672, 271, 1055, 1116, 352, 983, 1615, 991, 943, 782, 195, 1015, 508, 599, 1553, 957, 1035, 931, 948, 946]
[240, 1016, 715, 184, 1003, 624, 311, 1531, 894, 368, 983, 1590, 909, 977, 720, 245, 604, 547, 543, 1072, 976, 857, 986, 1058, 1000]
[276, 953, 723, 165, 919, 724, 271, 1055, 894, 362, 926, 1642, 938, 919, 1523, 150, 1015, 526, 545, 1045, 1000, 1057, 1032, 1002, 1032]
[286, 1052, 715, 165, 948, 692, 271, 1064, 939, 272, 1032, 1612, 951, 968, 785, 195, 969, 501, 517, 1093, 1000, 1052, 1000, 1058, 970]
[276, 1000, 753, 149, 976, 642, 259, 1060, 938, 325, 190, 1642, 951, 977, 762, 195, 1056, 530, 543, 986, 1018, 1052, 980, 1078, 1032]
[265, 1041, 715, 113, 948, 643, 322, 1105, 867, 325, 983, 1624, 933, 996, 774, 225, 1037, 528, 592, 1596, 944, 1052, 980, 1058, 942]
[262, 1000, 715, 165, 948, 672, 271, 1055, 894, 325, 947, 1233, 176, 1001, 1289, 988, 1025, 390, 543, 1045, 1000, 1052, 980, 1058, 1000]
[228, 1000, 753, 165, 921, 672, 220, 1040, 940, 298, 891, 1233, 218, 1058, 1319, 987, 1065, 380, 543, 1045, 1021, 1052, 980, 1114, 953]
[294, 1053, 774, 931, 984, 647, 224, 1097, 948, 328, 192, 1233, 176, 1001, 73, 1041, 1049, 359, 499, 1045, 1001, 1078, 1029, 1064, 1000]
[273, 1044, 715, 191, 984, 641, 232, 1011, 808, 309, 947, 1233, 231, 1009, 1289, 988, 1017, 390, 596, 1098, 1000, 994, 1000, 1058, 1032]
[262, 940, 683, 191, 937, 747, 336, 1517, 853, 1169, 909, 1233, 20, 1001, 1271, 988, 1025, 410, 543, 1045, 949, 433, 973, 453, 1040]
[306, 1000, 715, 156, 417, 689, 261, 1213, 894, 272, 1003, 1233, 176, 1012, 1302, 954, 1013, 387, 599, 1085, 1000, 1052, 980, 1051, 1011]
[262, 1689, 673, 165, 603, 652, 306, 1055, 894, 325, 903, 1233, 191, 1001, 1289, 949, 992, 424, 525, 1008, 1000, 1076, 980, 1113, 986]
[262, 1000, 721, 165, 928, 652, 285, 1055, 846, 325, 930, 1192, 172, 1001, 1292, 972, 1025, 378, 496, 1002, 1022, 1052, 975, 1024, 1005]
[1579, 1000, 533, 633, 948, 719, 259, 1055, 868, 325, 980, 1227, 176, 1058, 1320, 988, 1025, 421, 534, 1024, 1009, 1104, 1071, 1049, 997]
[304, 971, 713, 218, 927, 689, 330, 1055, 881, 325, 935, 227, 176, 987, 443, 988, 1237, 397, 543, 993, 953, 1052, 980, 1058, 994]
[288, 1000, 765, 117, 948, 625, 277, 1063, 894, 1354, 330, 1178, 190, 1037, 1279, 988, 1075, 390, 506, 1023, 1000, 1092, 980, 1117, 1000]
[262, 1000, 715, 165, 948, 672, 271, 1055, 894, 325, 947, 1233, 176, 1000, 1457, 811, 1009, 321, 699, 1045, 1000, 1052, 980, 1058, 1000]
[262, 973, 697, 113, 909, 630, 259, 1055, 911, 275, 992, 1233, 176, 1000, 1457, 860, 1009, 336, 716, 1039, 1000, 1052, 958, 63, 1038]
[262, 1129, 713, 786, 953, 672, 271, 1022, 857, 268, 940, 361, 176, 953, 1424, 798, 1329, 321, 736, 1045, 1017, 1052, 942, 1074, 1000]
[262, 1000, 761, 154, 953, 690, 1154, 577, 879, 325, 890, 1200, 119, 1000, 1457, 820, 1009, 268, 675, 1081, 1012, 1090, 947, 1053, 1000]
[262, 992, 715, 958, 980, 716, 270, 1034, 894, 303, 947, 1196, 176, 1041, 1504, 795, 963, 377, 699, 1045, 1000, 1092, 993, 1058, 1000]
[292, 1000, 760, 171, 833, 666, 282, 1057, 894, 546, 960, 1258, 176, 1000, 1506, 811, 959, 321, 699, 1049, 1000, 1052, 931, 1100, 1000]
[262, 1000, 715, 1938, 69, 658, 271, 1013, 894, 375, 947, 1233, 192, 1000, 1457, 811, 1009, 266, 713, 1104, 1000, 1020, 1400, 1104, 966]
[202, 1039, 682, 239, 963, 672, 271, 1055, 867, 325, 962, 1259, 117, 1000, 1405, 767, 980, 313, 688, 1044, 1746, 1094, 980, 1058, 945]
[231, 1009, 716, 176, 948, 694, 271, 1096, 894, 1140, 947, 1233, 176, 966, 1339, 811, 1033, 761, 699, 1060, 1000, 1052, 980, 477, 1014]
[218, 961, 704, 513, 948, 717, 319, 1066, 894, 380, 947, 1268, 176, 1058, 1457, 870, 1009, 321, 699, 1051, 1012, 1052, 1028, 1058, 1037]
[249, 1000, 715, 178, 959, 672, 296, 1055, 894, 380, 926, 1233, 166, 1010, 1440, 764, 980, 293, 699, 1045, 1025, 1015, 922, 1064, 1000]
[417, 1089, 563, 271, 1055, 894, 325, 947, 1233, 176, 1000, 1457, 811, 997, 694, 195, 1015, 528, 543, 1045, 1000, 1052, 993, 1234, 1000]
[417, 1089, 563, 271, 1055, 894, 325, 947, 1233, 176, 1000, 1457, 811, 997, 694, 195, 1015, 528, 543, 1045, 1000, 1052, 993, 1234, 1000]
[417, 1089, 563, 271, 1055, 894, 325, 947, 1233, 176, 1000, 1457, 811, 997, 694, 195, 1015, 528, 543, 1045, 1000, 1052, 993, 1234, 1000]
[417, 1089, 563, 271, 1055, 894, 325, 947, 1233, 176, 1000, 1457, 811, 997, 694, 195, 1015, 528, 543, 1045, 1000, 1052, 993, 1234, 1000]
