[2074, 10666, 2934, 3032, 10372, 6946, 3029, 716, 6905, 2676, 694, 3104, 2496, 5000, 5000, 5000, 5000, 5000, 5000]
[2074, 5000, 3579, 2706, 5000, 6424, 3611, 5000, 6551, 2504, 5000, 3449, 2437, 5000, 5000, 5000, 5000, 5000, 5000]
[2192, 4884, 3567, 2712, 4749, 6424, 3675, 4767, 6551, 2504, 4878, 3449, 2437, 4882, 5000, 5081, 4756, 5000, 4950]
[2074, 5189, 3162, 2706, 4994, 6424, 3611, 5000, 6551, 2504, 5143, 3449, 2437, 5000, 5000, 5000, 5000, 5252, 5102]
[2344, 5121, 1341, 2550, 4950, 6301, 3763, 5000, 6279, 2762, 5000, 3460, 2538, 4922, 5115, 4985, 5216, 5205, 5000]
[2074, 5038, 3579, 2600, 5000, 6442, 3548, 5069, 6252, 2504, 4899, 858, 2570, 5000, 4898, 5095, 5000, 9586, 5000]
[2074, 5139, 3579, 2828, 4757, 6424, 3970, 5000, 6563, 2504, 5000, 3449, 2437, 5202, 5000, 5061, 5184, 4941, 5223]
[2074, 5270, 3875, 2648, 4820, 6376, 3611, 5000, 6551, 1144, 4918, 3299, 2657, 5709, 7615, 5000, 5151, 4837, 5000]
[1853, 4951, 3644, 2678, 5133, 6424, 3424, 4738, 6551, 2511, 5000, 3416, 2276, 4793, 3849, 5000, 4920, 4983, 5000]
[1790, 5000, 3486, 6892, 5000, 6424, 3336, 4928, 6551, 3334, 5000, 3180, 2708, 5086, 5000, 5080, 5000, 5208, 5166]
[2285, 4930, 3523, 2541, 5297, 6322, 3804, 5295, 6301, 2504, 5259, 3449, 2641, 5000, 4992, 5219, 5000, 4981, 3662]
[1840, 4869, 3625, 2434, 5000, 6707, 3684, 4774, 7149, 2504, 5000, 3449, 2501, 5272, 4984, 4885, 5156, 5000, 5000]
[2074, 5000, 4047, 2706, 5203, 6345, 3680, 5000, 6645, 2225, 5201, 3449, 2342, 5000, 5290, 5297, 4918, 4740, 4963]
[2074, 5057, 3437, 2686, 5000, 6618, 3450, 4984, 6711, 2472, 4881, 3449, 2437, 5110, 5000, 5000, 5000, 5098, 5014]
[6838, 5291, 3850, 2567, 5298, 6408, 3696, 5000, 6551, 2642, 4811, 159, 2660, 5093, 5130, 5000, 4824, 5199, 4919]
[2791, 5228, 3584, 2998, 5000, 6322, 3319, 4890, 6258, 2342, 4947, 3603, 2552, 5000, 4784, 4990, 5282, 4908, 5228]
[2080, 4720, 3816, 403, 1099, 6629, 3509, 4961, 6551, 2642, 5192, 3393, 2670, 5000, 149, 4925, 5088, 4838, 4978]
[2074, 5035, 3579, 2939, 5188, 6531, 3909, 4804, 6307, 2504, 6017, 3243, 2437, 4910, 4700, 5000, 5059, 5172, 4055]
[2102, 5253, 3678, 1129, 5000, 6555, 3876, 4886, 6551, 2220, 5249, 3449, 6536, 4978, 5266, 5842, 5000, 5067, 4871]
[8784, 5000, 3491, 2768, 4722, 5969, 3503, 4912, 6848, 2504, 8562, 3171, 2437, 5000, 5110, 4869, 5000, 5000, 5173]
[2264, 4703, 3357, 2853, 5000, 6424, 3535, 5113, 6453, 2369, 5000, 3449, 2319, 5182, 5000, 5000, 5024, 4853, 4758]
[2074, 5219, 3348, 2747, 5102, 1923, 3449, 5000, 6551, 2790, 4846, 3571, 2142, 5000, 5000, 5166, 4712, 5000, 5000]
[2365, 5000, 3366, 2811, 5000, 3356, 3862, 62, 6646, 2650, 5000, 3572, 2231, 4800, 5000, 4901, 4916, 4880, 6662]
[1781, 5203, 3344, 2706, 4854, 6516, 3769, 5030, 6373, 2404, 4901, 3666, 2311, 5295, 5244, 5000, 4877, 5182, 5090]
[1885, 5277, 3812, 2641, 5029, 6346, 3504, 5000, 6551, 2771, 5193, 3449, 2169, 5084, 5000, 5000, 5000, 5000, 4797]
[1930, 5000, 3579, 2450, 5000, 6424, 3785, 5274, 6332, 2504, 5000, 3517, 2437, 5292, 5123, 5000, 5045, 4860, 8426]
[1798, 5161, 3579, 2706, 4944, 6688, 3611, 4789, 6847, 2557, 5000, 3262, 2710, 4886, 4892, 5000, 5013, 4877, 5000]
[2297, 5000, 3877, 2706, 4816, 6180, 3897, 5000, 6551, 2615, 4722, 3449, 2437, 7679, 5241, 4937, 5246, 5000, 5000]
[2027, 5168, 3289, 2822, 5000, 6424, 3500, 4798, 6601, 2373, 5212, 3353, 2264, 5145, 5028, 5194, 5012, 5283, 5000]
[1926, 6081, 3480, 2441, 4722, 2318, 3611, 4834, 6551, 2504, 4812, 3436, 2437, 9610, 5106, 4793, 5214, 7924, 4827]
[2074, 5133, 3671, 2706, 4927, 6424, 3408, 5000, 6525, 2416, 5088, 3440, 2437, 5186, 4955, 5269, 715, 5280, 4999]
[5949, 1170, 3579, 2781, 5000, 6424, 3611, 5178, 6551, 2504, 4830, 3200, 2314, 5290, 5163, 3379, 5000, 5000, 5188]
[1774, 5000, 3579, 2706, 5000, 1683, 3411, 4803, 6704, 2504, 5160, 3383, 2396, 269, 5000, 9162, 5000, 4963, 5000]
[1819, 4876, 3581, 2706, 5212, 6461, 3612, 4786, 6551, 2529, 4841, 3490, 3689, 4875, 5000, 4955, 5000, 5000, 1622]
[9598, 4989, 3415, 2776, 5140, 6447, 5268, 5049, 7469, 2595, 5000, 3174, 2722, 5000, 4734, 5934, 5000, 5250, 4704]
[2372, 4846, 3580, 2706, 5000, 6424, 3374, 5000, 6697, 2634, 5000, 3378, 2298, 5941, 5150, 5206, 5000, 5000, 5000]
[1902, 2319, 3579, 2707, 4780, 6534, 4524, 5268, 6768, 2509, 5000, 3256, 2437, 5000, 4914, 5096, 4954, 5011, 4933]
[2051, 5190, 3579, 2621, 4945, 6424, 3424, 5000, 6469, 2222, 5162, 3449, 2208, 2756, 4582, 5000, 8842, 5000, 5000]
[2157, 4772, 3579, 2706, 4833, 6713, 3422, 5030, 6452, 2441, 5000, 3748, 2373, 5000, 4755, 4817, 4940, 4714, 5250]
[2014, 5133, 3370, 2497, 4751, 6424, 3611, 5000, 6551, 2504, 4728, 3449, 2437, 4863, 4972, 5014, 5135, 3402, 5178]
[2074, 5000, 3659, 2949, 5000, 6424, 3787, 5094, 6651, 2276, 5267, 3663, 2342, 4778, 5000, 5240, 5252, 5273, 5242]
[2068, 4777, 3579, 2692, 4306, 6424, 3513, 4293, 6551, 2504, 4937, 3449, 2242, 5000, 4816, 4931, 5000, 4989, 4744]
[2018, 5000, 3735, 2835, 4911, 6581, 3467, 5000, 6719, 2681, 4822, 3735, 8040, 4927, 5000, 5053, 4926, 4714, 4971]
[2175, 4986, 3293, 2706, 5086, 6204, 3611, 5051, 6772, 2759, 5152, 3449, 2708, 4752, 4787, 5182, 4931, 4816, 4986]
[2074, 5000, 3821, 2587, 5248, 6705, 3611, 5023, 6662, 2231, 5148, 3449, 2437, 4733, 4802, 4929, 4917, 5125, 5299]
[2339, 2516, 3579, 2706, 4730, 6158, 3407, 5083, 6551, 2577, 5036, 3334, 2443, 5000, 5150, 5075, 5251, 4840, 4984]
[2512, 4906, 3324, 2706, 5000, 6315, 3611, 5000, 6551, 2532, 5119, 3696, 2225, 4950, 5252, 4976, 4747, 5164, 4960]
[2074, 4704, 3625, 2558, 5000, 6148, 2695, 5025, 6551, 2504, 5017, 3449, 2437, 4700, 8536, 4890, 5080, 5041, 5000]
[4978, 5215, 3764, 2980, 4819, 6424, 3611, 5000, 6578, 2728, 7690, 3307, 2440, 5000, 5000, 5000, 5000, 5192, 5000]
[2074, 4869, 3283, 2706, 5231, 6424, 3494, 5032, 6435, 2469, 5090, 3549, 2437, 5132, 5000, 8176, 4785, 5268, 4890]
[2074, 5000, 3651, 2859, 5000, 6424, 3661, 5000, 6809, 2555, 5190, 3449, 2680, 5097, 4867, 5000, 3919, 5000, 1001]
[2074, 5000, 3579, 2706, 5146, 6712, 3718, 4920, 6457, 2573, 5000, 3197, 2308, 5000, 4891, 5000, 5232, 5000, 5042]
[2074, 10000, 3124, 2800, 10372, 6883, 2929, 423, 6648, 2841, 826, 3324, 2388, 4995, 5087, 5000, 4866, 5169, 5000]
[2019, 7379, 2825, 3097, 10372, 6747, 2804, 816, 7122, 7160, 748, 2904, 2475, 5277, 6948, 4892, 5026, 5236, 5218]
[2204, 2338, 2934, 3002, 10000, 6946, 3111, 447, 6905, 2676, 720, 3105, 2761, 4753, 968, 5093, 5148, 4999, 9890]
[2097, 10000, 3009, 2913, 10000, 6796, 3029, 716, 6935, 2676, 694, 3104, 2439, 4598, 4976, 4838, 5000, 5156, 4921]
[2074, 10000, 2934, 3044, 10372, 6785, 2934, 716, 6824, 2707, 735, 2975, 2507, 4886, 5139, 3496, 5055, 5000, 4917]
[2165, 10666, 2662, 3032, 10372, 6806, 3029, 716, 6905, 2895, 694, 3104, 2781, 5210, 5248, 5000, 5000, 5000, 4840]
[2087, 10000, 3225, 2833, 4441, 7088, 3323, 716, 6723, 2676, 2101, 3320, 2496, 4980, 5000, 4991, 5000, 5000, 2114]
[2127, 10000, 7589, 2926, 10000, 6785, 3222, 7951, 6783, 2722, 884, 3146, 2347, 4681, 5151, 8190, 5203, 5000, 5000]
[2074, 10000, 3183, 3032, 10372, 8550, 3233, 672, 6757, 2676, 694, 2964, 2252, 4710, 5207, 5235, 4725, 4913, 5000]
[2074, 10666, 3218, 3032, 10000, 7106, 3029, 623, 7160, 2676, 171, 3246, 8542, 5170, 5000, 4811, 5000, 4972, 5000]
[7455, 10000, 5978, 3020, 10372, 6801, 3029, 716, 6927, 2904, 940, 3104, 680, 5087, 5000, 5000, 3157, 4864, 5238]
[2275, 10000, 2937, 3261, 10372, 6764, 2809, 537, 6815, 2477, 828, 3104, 2496, 5000, 5046, 5239, 5014, 4703, 4867]
[1926, 10666, 2735, 3032, 10000, 6946, 2740, 9955, 7186, 2786, 886, 2991, 2496, 5000, 9249, 5009, 3926, 6114, 4927]
[2000, 10000, 2558, 2743, 10000, 6946, 3216, 716, 6705, 2676, 631, 2891, 2496, 5293, 5000, 5474, 5224, 5000, 4977]
[1638, 10000, 2817, 2981, 10000, 6923, 3029, 716, 5529, 2676, 694, 3345, 2712, 4964, 5206, 5064, 4739, 5000, 5000]
[2124, 10000, 2934, 3289, 10000, 6861, 3029, 716, 7057, 2881, 694, 3205, 2591, 4867, 5000, 4871, 3963, 5000, 5000]
[1960, 6270, 2934, 3320, 10000, 6676, 3002, 752, 7201, 2696, 1827, 3104, 2640, 5124, 4744, 5000, 4729, 5000, 4724]
[2074, 10000, 2938, 3125, 10372, 6946, 2872, 665, 7161, 2676, 600, 3271, 2249, 5250, 4894, 5275, 5014, 5176, 5190]
[2245, 10000, 2934, 3111, 10372, 7215, 2993, 7280, 6747, 2761, 487, 3235, 2789, 5204, 4998, 4818, 5016, 5074, 4831]
[1927, 10666, 2972, 3295, 5831, 6946, 3289, 716, 6843, 2958, 694, 3334, 2615, 5000, 4864, 5000, 5000, 4877, 5000]
[2175, 10000, 3124, 3032, 10000, 6960, 3131, 716, 6957, 2531, 859, 2859, 2364, 5075, 4991, 5128, 4985, 5000, 7435]
[1781, 10000, 2934, 3032, 10000, 6946, 2741, 523, 7111, 2676, 758, 3104, 2770, 4895, 4817, 7066, 3175, 4888, 5241]
[2250, 10000, 2692, 3317, 10000, 7089, 2866, 922, 7098, 2676, 451, 3349, 2685, 5261, 3125, 5000, 4768, 5000, 5141]
[2292, 10000, 6754, 3032, 10000, 7160, 3029, 735, 3398, 2443, 966, 3104, 2465, 5000, 4775, 6433, 5255, 4897, 4853]
[2074, 10000, 2778, 2882, 10000, 7035, 3029, 576, 6905, 2704, 946, 3218, 2706, 4845, 5000, 5000, 4759, 5243, 5056]
[2074, 10000, 2934, 3026, 10000, 6946, 3167, 994, 7120, 2676, 690, 3104, 2359, 5296, 2632, 4961, 4992, 5000, 5000]
[2131, 10000, 3060, 2798, 10000, 542, 3052, 912, 6766, 2836, 748, 3104, 2426, 5074, 398, 4965, 4796, 4886, 5000]
[2146, 10666, 2962, 3032, 10000, 6877, 3040, 432, 6905, 2576, 694, 3270, 2496, 5086, 5000, 5000, 5197, 4828, 4789]
[2074, 4674, 2934, 2965, 10000, 6786, 3036, 739, 6606, 2622, 7476, 3353, 6535, 5000, 7139, 5000, 5000, 4819, 4724]
[2074, 10666, 3230, 3294, 10000, 6984, 2825, 716, 6966, 2550, 438, 3081, 9981, 5181, 5000, 5107, 5035, 5000, 5071]
[1962, 10666, 2729, 3012, 10000, 9313, 3029, 595, 6905, 2676, 2762, 2852, 2583, 5000, 5139, 4769, 5000, 5000, 5205]
[2261, 10666, 2934, 3032, 10000, 7086, 2802, 573, 7058, 2827, 914, 2849, 2284, 5000, 5000, 5280, 5060, 5000, 4621]
[2281, 10000, 2699, 3000, 10000, 6946, 3281, 716, 1091, 2770, 475, 3104, 2462, 5000, 5131, 5000, 4842, 5148, 5000]
[2074, 10000, 914, 3069, 10372, 6946, 3299, 716, 6688, 2676, 24, 3104, 2326, 5000, 5113, 5000, 4947, 5205, 7788]
[2074, 10000, 2658, 2923, 10000, 6976, 2951, 716, 8438, 6266, 865, 2984, 2496, 4150, 4934, 4911, 4819, 5000, 5000]
[2246, 10000, 2934, 3151, 10372, 6879, 3046, 716, 6818, 2874, 646, 3104, 2496, 4712, 4863, 5206, 5157, 4775, 4948]
[2019, 10666, 3065, 3031, 10372, 6976, 3213, 716, 6641, 2676, 690, 2961, 2526, 4872, 5106, 5000, 5000, 5184, 5000]
[2074, 10666, 2740, 3032, 10000, 7160, 3029, 8560, 6733, 2676, 716, 3164, 2496, 5000, 5175, 4703, 4770, 5000, 2014]
[1774, 10666, 3096, 2761, 3567, 7171, 2855, 716, 6897, 2676, 768, 3104, 5631, 5000, 5184, 5281, 2885, 5000, 2370]
[1945, 10000, 3028, 3753, 10000, 6946, 3272, 459, 6679, 2676, 712, 3104, 2384, 4714, 5033, 5000, 5000, 5016, 5000]
[2184, 10000, 3089, 2732, 10000, 7097, 2791, 883, 2963, 2972, 899, 8739, 2677, 4789, 4751, 5000, 4920, 5068, 5000]
[8786, 10666, 2836, 2901, 10000, 7202, 3029, 820, 7197, 2816, 694, 616, 2496, 5179, 5000, 4792, 5015, 5000, 5137]
[2262, 10000, 2875, 2821, 10000, 7099, 9561, 716, 6673, 2467, 694, 3104, 2695, 5000, 5000, 5214, 4724, 4997, 4785]
[1818, 10000, 3151, 3187, 4646, 7093, 3029, 764, 7091, 2585, 760, 3023, 2496, 4935, 5063, 1324, 5000, 1545, 4800]
[2074, 10000, 3192, 3032, 10000, 6693, 3207, 718, 6768, 2676, 3734, 3104, 2531, 4950, 5000, 5083, 5295, 5000, 5000]
[2041, 10000, 2934, 3032, 10000, 6946, 3029, 946, 6905, 2809, 482, 3204, 2421, 4897, 5000, 5000, 5248, 5000, 5170]
[2074, 10666, 3176, 3032, 10372, 7194, 2942, 716, 4481, 2905, 694, 3200, 2714, 5297, 4756, 5193, 6908, 4722, 5292]
[2903, 10000, 3163, 7218, 10372, 6867, 2159, 584, 6826, 2599, 639, 3104, 2496, 4882, 4815, 5262, 4763, 5117, 4912]
