[2069, 9987, 3028, 3044, 9899, 6966, 3049, 831, 6937, 2708, 796, 3055, 2526, 4984, 4996, 4997, 6496, 5000, 4672]
[2069, 9987, 3028, 3044, 9903, 6966, 3049, 831, 6937, 2708, 796, 3055, 2526, 4984, 4996, 4997, 7077, 5000, 4673]
[2069, 9987, 3028, 3044, 9903, 6966, 3049, 831, 6937, 2708, 796, 3055, 2526, 4984, 4996, 4997, 7491, 5000, 4673]
[2069, 9987, 3028, 3044, 9903, 6966, 3049, 831, 6937, 2708, 796, 3055, 2526, 4984, 4996, 4997, 6378, 5000, 4673]
[2069, 9987, 3028, 3044, 9903, 6966, 3049, 831, 6937, 2708, 796, 3055, 2526, 4984, 4996, 4997, 5965, 5000, 4673]
[2069, 9987, 3028, 3044, 9903, 6966, 3049, 831, 6937, 2708, 796, 3055, 2526, 4984, 4996, 4997, 6319, 5000, 4673]
[2069, 9987, 3028, 3044, 9903, 6966, 3049, 831, 6937, 2708, 796, 3055, 2526, 4984, 4996, 4997, 7184, 5000, 4673]
[2069, 9987, 3028, 3044, 9903, 6966, 3049, 831, 6937, 2708, 796, 3055, 2526, 4984, 4996, 4997, 6845, 5000, 4673]
[2069, 9987, 3028, 3044, 9903, 6966, 3049, 831, 6937, 2708, 796, 3055, 2526, 4984, 4996, 4997, 7034, 5000, 4673]
[2069, 9987, 3028, 3044, 9903, 6966, 3049, 831, 6937, 2708, 796, 3055, 2526, 4984, 4996, 4997, 6338, 5000, 4673]
[2069, 9987, 3028, 3044, 9903, 6966, 3049, 831, 6937, 2708, 796, 3055, 2526, 4984, 4996, 4997, 5832, 5000, 4673]
[2069, 9987, 3028, 3044, 9903, 6966, 3049, 830, 6937, 2708, 796, 3055, 2527, 4984, 4996, 4997, 6580, 5000, 4673]
[2069, 9987, 3028, 3044, 9903, 6966, 3049, 830, 6937, 2708, 796, 3055, 2527, 4984, 4996, 4997, 6720, 5000, 4673]
[2069, 9987, 3028, 3044, 9903, 6966, 3049, 830, 6937, 2708, 796, 3055, 2527, 4984, 4996, 4997, 6978, 5000, 4673]
[2069, 9987, 3028, 3044, 9903, 6966, 3049, 830, 6937, 2708, 796, 3055, 2527, 4984, 4996, 4997, 6820, 5000, 4673]
[2069, 9987, 3028, 3044, 9903, 6966, 3049, 830, 6937, 2708, 796, 3055, 2527, 4984, 4996, 4997, 6568, 5000, 4673]
[2069, 9987, 3028, 3044, 9903, 6966, 3049, 830, 6937, 2708, 796, 3055, 2527, 4984, 4996, 4997, 6711, 5000, 4673]
[2069, 9987, 3028, 3044, 9903, 6966, 3049, 830, 6937, 2708, 796, 3055, 2527, 4984, 4996, 4997, 6719, 5000, 4673]
[2069, 9987, 3028, 3044, 9903, 6966, 3049, 830, 6937, 2708, 796, 3055, 2526, 4984, 4996, 4997, 7309, 5000, 4673]
[2069, 9987, 3028, 3044, 9903, 6966, 3049, 830, 6937, 2708, 796, 3055, 2526, 4984, 4996, 4997, 6361, 5000, 4673]
[2069, 9987, 3028, 3044, 9903, 6966, 3049, 830, 6937, 2708, 796, 3055, 2526, 4984, 4996, 4997, 6990, 5000, 4673]
[2069, 9987, 3028, 3044, 9904, 6966, 3049, 832, 6937, 2708, 796, 3055, 2527, 4984, 4996, 4997, 6268, 5000, 4673]
[2069, 9987, 3028, 3044, 9904, 6966, 3049, 832, 6937, 2708, 796, 3055, 2526, 4984, 4996, 4997, 7634, 5000, 4673]
[2069, 9987, 3028, 3044, 9904, 6966, 3049, 832, 6937, 2708, 796, 3055, 2526, 4984, 4996, 4997, 8071, 5000, 4673]
[2069, 9987, 3028, 3044, 9904, 6966, 3049, 832, 6937, 2708, 796, 3055, 2526, 4984, 4996, 4997, 7130, 5000, 4673]
[2069, 9987, 3028, 3044, 9904, 6966, 3049, 832, 6937, 2708, 796, 3055, 2526, 4984, 4996, 4997, 8248, 5000, 4673]
[2069, 9987, 3028, 3044, 9904, 6966, 3049, 832, 6937, 2708, 796, 3055, 2526, 4984, 4996, 4997, 6910, 5000, 4673]
[2069, 9987, 3028, 3044, 9903, 6966, 3049, 833, 6937, 2708, 796, 3055, 2526, 4984, 4996, 4997, 6370, 5000, 4672]
[2069, 9987, 3028, 3044, 9903, 6966, 3049, 833, 6937, 2708, 796, 3055, 2526, 4984, 4996, 4997, 6488, 5000, 4672]
[2069, 9987, 3028, 3044, 9903, 6966, 3049, 833, 6937, 2708, 796, 3055, 2526, 4984, 4996, 4997, 6184, 5000, 4672]
[2069, 9987, 3028, 3044, 9904, 6966, 3049, 832, 6937, 2708, 796, 3056, 2526, 4984, 4996, 4997, 7279, 5000, 4673]
[2069, 9987, 3028, 3044, 9903, 6966, 3049, 832, 6937, 2708, 796, 3055, 2526, 4984, 4996, 4997, 6490, 5000, 4672]
[2069, 9987, 3028, 3044, 9903, 6966, 3049, 832, 6937, 2708, 796, 3055, 2526, 4984, 4996, 4997, 6354, 5000, 4672]
[2069, 9987, 3028, 3044, 9903, 6966, 3049, 832, 6937, 2708, 796, 3055, 2526, 4984, 4996, 4997, 6345, 5000, 4672]
[2069, 9987, 3028, 3044, 9903, 6966, 3049, 832, 6937, 2708, 796, 3055, 2526, 4984, 4996, 4997, 6386, 5000, 4672]
[2069, 9987, 3028, 3044, 9903, 6966, 3049, 832, 6937, 2708, 796, 3055, 2526, 4984, 4996, 4997, 5961, 5000, 4672]
[2069, 9987, 3028, 3044, 9903, 6966, 3049, 832, 6937, 2708, 796, 3055, 2526, 4984, 4996, 4997, 6385, 5000, 4672]
[2069, 9987, 3028, 3044, 9903, 6966, 3049, 832, 6937, 2708, 796, 3055, 2526, 4984, 4996, 4997, 6720, 5000, 4672]
[2069, 9987, 3028, 3044, 9903, 6966, 3049, 832, 6937, 2708, 796, 3055, 2526, 4984, 4996, 4997, 6469, 5000, 4672]
[2069, 9987, 3028, 3044, 9903, 6966, 3049, 832, 6937, 2708, 796, 3055, 2526, 4984, 4996, 4997, 6550, 5000, 4672]
[2069, 9987, 3028, 3044, 9903, 6966, 3049, 832, 6937, 2708, 796, 3055, 2526, 4984, 4996, 4997, 7336, 5000, 4672]
[2069, 9987, 3028, 3044, 9903, 6966, 3049, 832, 6937, 2708, 796, 3055, 2526, 4984, 4996, 4997, 5058, 5000, 4672]
[2069, 9987, 3028, 3044, 9903, 6966, 3049, 832, 6937, 2708, 796, 3055, 2526, 4984, 4996, 4997, 6235, 5000, 4672]
[2069, 9987, 3028, 3044, 9903, 6966, 3049, 832, 6937, 2708, 796, 3055, 2526, 4984, 4996, 4997, 6541, 5000, 4672]
[2069, 9987, 3028, 3044, 9903, 6966, 3049, 832, 6937, 2708, 796, 3055, 2526, 4984, 4996, 4997, 6765, 5000, 4672]
[2069, 9987, 3028, 3044, 9903, 6966, 3049, 832, 6937, 2708, 796, 3055, 2526, 4984, 4996, 4997, 7440, 5000, 4672]
[2069, 9987, 3028, 3044, 9903, 6966, 3049, 832, 6937, 2708, 796, 3055, 2526, 4984, 4996, 4997, 6387, 5000, 4672]
[2069, 9987, 3028, 3044, 9904, 6966, 3049, 831, 6937, 2708, 796, 3056, 2527, 4984, 4996, 4997, 6524, 5000, 4673]
[2069, 9987, 3028, 3044, 9904, 6966, 3049, 831, 6937, 2708, 796, 3056, 2527, 4984, 4996, 4997, 7762, 5000, 4673]
[2069, 9987, 3028, 3044, 9904, 6966, 3049, 831, 6937, 2708, 796, 3055, 2527, 4984, 4996, 4997, 6757, 5000, 4673]
[2069, 9987, 3028, 3044, 9904, 6966, 3049, 831, 6937, 2708, 796, 3055, 2527, 4984, 4996, 4997, 7787, 5000, 4673]
[2069, 9987, 3028, 3044, 9904, 6966, 3049, 831, 6937, 2708, 796, 3055, 2527, 4984, 4996, 4997, 6512, 5000, 4673]
[2069, 9987, 3028, 3044, 9904, 6966, 3049, 831, 6937, 2708, 796, 3055, 2527, 4984, 4996, 4997, 6272, 5000, 4673]
[2069, 9987, 3028, 3044, 9904, 6966, 3049, 831, 6937, 2708, 796, 3055, 2527, 4984, 4996, 4997, 6985, 5000, 4673]
[2069, 9987, 3028, 3044, 9904, 6966, 3049, 831, 6937, 2708, 796, 3055, 2527, 4984, 4996, 4997, 6284, 5000, 4673]
[2069, 9987, 3028, 3044, 9904, 6966, 3049, 831, 6937, 2708, 796, 3055, 2527, 4984, 4996, 4997, 7173, 5000, 4673]
[2069, 9987, 3028, 3044, 9904, 6966, 3049, 831, 6937, 2708, 796, 3055, 2527, 4984, 4996, 4997, 7721, 5000, 4673]
[2069, 9987, 3028, 3044, 9904, 6966, 3049, 831, 6937, 2708, 796, 3055, 2527, 4984, 4996, 4997, 7195, 5000, 4673]
[2069, 9987, 3028, 3044, 9904, 6966, 3049, 831, 6937, 2708, 796, 3055, 2527, 4984, 4996, 4997, 7750, 5000, 4673]
[2069, 9987, 3028, 3044, 9904, 6966, 3049, 831, 6937, 2708, 796, 3055, 2527, 4984, 4996, 4997, 7993, 5000, 4673]
[2069, 9987, 3028, 3044, 9904, 6966, 3049, 831, 6937, 2708, 796, 3055, 2527, 4984, 4996, 4997, 6704, 5000, 4673]
[2069, 9987, 3028, 3044, 9904, 6966, 3049, 831, 6937, 2708, 796, 3055, 2527, 4984, 4996, 4997, 6817, 5000, 4673]
[2069, 9987, 3028, 3044, 9904, 6966, 3049, 831, 6937, 2708, 796, 3055, 2527, 4984, 4996, 4997, 7815, 5000, 4673]
[2069, 9987, 3028, 3044, 9904, 6966, 3049, 831, 6937, 2708, 796, 3055, 2527, 4984, 4996, 4997, 7693, 5000, 4673]
[2069, 9987, 3028, 3044, 9904, 6966, 3049, 831, 6937, 2708, 796, 3055, 2527, 4984, 4996, 4997, 6803, 5000, 4673]
[2069, 9987, 3028, 3044, 9904, 6966, 3049, 831, 6937, 2708, 796, 3055, 2527, 4984, 4996, 4997, 6874, 5000, 4673]
[2069, 9987, 3028, 3044, 9904, 6966, 3049, 831, 6937, 2708, 796, 3055, 2527, 4984, 4996, 4997, 6550, 5000, 4673]
[2069, 9987, 3028, 3044, 9904, 6966, 3049, 831, 6937, 2708, 796, 3055, 2527, 4984, 4996, 4997, 7162, 5000, 4673]
[2069, 9987, 3028, 3044, 9904, 6966, 3049, 831, 6937, 2708, 796, 3056, 2526, 4984, 4996, 4997, 6732, 5000, 4673]
[2069, 9987, 3028, 3044, 9904, 6966, 3049, 831, 6937, 2708, 796, 3056, 2526, 4984, 4996, 4997, 6910, 5000, 4673]
[2069, 9987, 3028, 3044, 9903, 6966, 3049, 831, 6937, 2708, 796, 3055, 2526, 4984, 4996, 4997, 7095, 5000, 4672]
[2069, 9987, 3028, 3044, 9903, 6966, 3049, 831, 6937, 2708, 796, 3055, 2526, 4984, 4996, 4997, 6089, 5000, 4672]
[2069, 9987, 3028, 3044, 9903, 6966, 3049, 831, 6937, 2708, 796, 3055, 2526, 4984, 4996, 4997, 6240, 5000, 4672]
[2069, 9987, 3028, 3044, 9903, 6966, 3049, 831, 6937, 2708, 796, 3055, 2526, 4984, 4996, 4997, 7059, 5000, 4672]
[2069, 9987, 3028, 3044, 9903, 6966, 3049, 831, 6937, 2708, 796, 3055, 2526, 4984, 4996, 4997, 6964, 5000, 4672]
[2069, 9987, 3028, 3044, 9903, 6966, 3049, 831, 6937, 2708, 796, 3055, 2526, 4984, 4996, 4997, 6518, 5000, 4672]
[2069, 9987, 3028, 3044, 9903, 6966, 3049, 831, 6937, 2708, 796, 3055, 2526, 4984, 4996, 4997, 7026, 5000, 4672]
[2069, 9987, 3028, 3044, 9903, 6966, 3049, 831, 6937, 2708, 796, 3055, 2526, 4984, 4996, 4997, 7914, 5000, 4672]
[2069, 9987, 3028, 3044, 9903, 6966, 3049, 831, 6937, 2708, 796, 3055, 2526, 4984, 4996, 4997, 6401, 5000, 4672]
[2069, 9987, 3028, 3044, 9903, 6966, 3049, 831, 6937, 2708, 796, 3055, 2526, 4984, 4996, 4997, 6792, 5000, 4672]
[2069, 9987, 3028, 3044, 9904, 6966, 3049, 831, 6937, 2708, 796, 3055, 2526, 4984, 4996, 4997, 6735, 5000, 4673]
[2069, 9987, 3028, 3044, 9904, 6966, 3049, 831, 6937, 2708, 796, 3055, 2526, 4984, 4996, 4997, 7471, 5000, 4673]
[2069, 9987, 3028, 3044, 9904, 6966, 3049, 831, 6937, 2708, 796, 3055, 2526, 4984, 4996, 4997, 8158, 5000, 4673]
[2069, 9987, 3028, 3044, 9904, 6966, 3049, 831, 6937, 2708, 796, 3055, 2526, 4984, 4996, 4997, 6547, 5000, 4673]
[2069, 9987, 3028, 3044, 9904, 6966, 3049, 831, 6937, 2708, 796, 3055, 2526, 4984, 4996, 4997, 7177, 5000, 4673]
[2069, 9987, 3028, 3044, 9904, 6966, 3049, 831, 6937, 2708, 796, 3055, 2526, 4984, 4996, 4997, 6862, 5000, 4673]
[2069, 9987, 3028, 3044, 9904, 6966, 3049, 831, 6937, 2708, 796, 3055, 2526, 4984, 4996, 4997, 7535, 5000, 4673]
[2069, 9987, 3028, 3044, 9904, 6966, 3049, 831, 6937, 2708, 796, 3055, 2526, 4984, 4996, 4997, 6437, 5000, 4673]
[2069, 9987, 3028, 3044, 9904, 6966, 3049, 831, 6937, 2708, 796, 3055, 2526, 4984, 4996, 4997, 7159, 5000, 4673]
[2069, 9987, 3028, 3044, 9904, 6966, 3049, 831, 6937, 2708, 796, 3055, 2526, 4984, 4996, 4997, 7186, 5000, 4673]
[2069, 9987, 3028, 3044, 9904, 6966, 3049, 831, 6937, 2708, 796, 3055, 2526, 4984, 4996, 4997, 7029, 5000, 4673]
[2069, 9987, 3028, 3044, 9904, 6966, 3049, 831, 6937, 2708, 796, 3055, 2526, 4984, 4996, 4997, 6803, 5000, 4673]
[2069, 9987, 3028, 3044, 9904, 6966, 3049, 831, 6937, 2708, 796, 3055, 2526, 4984, 4996, 4997, 7227, 5000, 4673]
[2069, 9987, 3028, 3044, 9904, 6966, 3049, 831, 6937, 2708, 796, 3055, 2526, 4984, 4996, 4997, 6916, 5000, 4673]
[2069, 9987, 3028, 3044, 9904, 6966, 3049, 831, 6937, 2708, 796, 3055, 2526, 4984, 4996, 4997, 6682, 5000, 4673]
[2069, 9987, 3028, 3044, 9904, 6966, 3049, 831, 6937, 2708, 796, 3055, 2526, 4984, 4996, 4997, 6978, 5000, 4673]
[2069, 9987, 3028, 3044, 9904, 6966, 3049, 831, 6937, 2708, 796, 3055, 2526, 4984, 4996, 4997, 6886, 5000, 4673]
[2069, 9987, 3028, 3044, 9904, 6966, 3049, 831, 6937, 2708, 796, 3055, 2526, 4984, 4996, 4997, 7956, 5000, 4673]
[2069, 9987, 3028, 3044, 9904, 6966, 3049, 831, 6937, 2708, 796, 3055, 2526, 4984, 4996, 4997, 7739, 5000, 4673]
[2069, 9987, 3028, 3044, 9904, 6966, 3049, 831, 6937, 2708, 796, 3055, 2526, 4984, 4996, 4997, 6903, 5000, 4673]
