[1447, 6086, 3460, 1736, 5424, 6607, 5690, 2660, 6333, 2223, 2010, 4115, 1755, 5085, 4935, 4999, 6136, 5132, 5110]
[1445, 6079, 3459, 1736, 5431, 6607, 5692, 2806, 6333, 2221, 2061, 4115, 1756, 5085, 4935, 4999, 6140, 5132, 5106]
[1445, 6072, 3459, 1736, 5430, 6607, 5698, 2662, 6333, 2220, 2060, 4115, 1759, 5085, 4935, 4999, 6126, 5132, 5103]
[1446, 6085, 3459, 1736, 5375, 6607, 5695, 2659, 6333, 2221, 2045, 4115, 1757, 5085, 4935, 4999, 6166, 5132, 5108]
[1445, 6073, 3459, 1736, 5390, 6607, 5699, 2721, 6333, 2220, 1982, 4115, 1763, 5085, 4935, 4999, 6098, 5132, 5105]
[1447, 6086, 3460, 1736, 5374, 6607, 5691, 2658, 6333, 2221, 1978, 4115, 1756, 5085, 4935, 4999, 5912, 5132, 5109]
[1445, 6083, 3459, 1736, 5446, 6607, 5695, 2898, 6333, 2221, 2462, 4115, 1763, 5085, 4935, 4999, 6191, 5133, 5104]
[1447, 6085, 3460, 1736, 5390, 6607, 5691, 2758, 6333, 2221, 2010, 4115, 1756, 5085, 4934, 4999, 6111, 5132, 5108]
[1445, 6075, 3459, 1736, 5495, 6607, 5688, 2901, 6333, 2221, 2074, 4115, 1767, 5085, 4935, 4999, 6180, 5132, 5102]
[1445, 6083, 3459, 1736, 5368, 6607, 5697, 2747, 6333, 2221, 2127, 4115, 1763, 5085, 4935, 4999, 5917, 5132, 5102]
[1445, 6073, 3459, 1736, 5478, 6607, 5698, 2899, 6333, 2220, 2076, 4115, 1759, 5085, 4935, 4999, 6189, 5132, 5101]
[1445, 6078, 3459, 1736, 5459, 6607, 5693, 2901, 6333, 2221, 2070, 4115, 1766, 5085, 4935, 4999, 6187, 5132, 5106]
[1445, 6075, 3459, 1736, 5409, 6607, 5699, 2897, 6333, 2221, 2061, 4115, 1762, 5085, 4935, 4999, 6248, 5132, 5102]
[1445, 6074, 3459, 1736, 5546, 6607, 5688, 2906, 6333, 2220, 2078, 4115, 1765, 5085, 4935, 4999, 6177, 5132, 5104]
[1445, 6073, 3459, 1736, 5469, 6607, 5698, 2905, 6333, 2220, 2078, 4115, 1759, 5085, 4935, 4999, 6166, 5132, 5101]
[1445, 6072, 3459, 1736, 5457, 6607, 5698, 2905, 6333, 2220, 2095, 4115, 1761, 5085, 4935, 4999, 6169, 5132, 5101]
[1445, 6072, 3459, 1736, 5485, 6607, 5700, 2906, 6333, 2220, 2101, 4115, 1765, 5085, 4935, 4999, 6160, 5132, 5101]
[1445, 6076, 3459, 1736, 5403, 6607, 5696, 2893, 6333, 2221, 2067, 4115, 1766, 5085, 4935, 4999, 6193, 5132, 5103]
[1449, 6076, 3460, 1736, 5413, 6607, 5702, 2905, 6333, 2221, 2122, 4115, 1766, 5085, 4934, 4999, 6260, 5132, 5108]
[1446, 6070, 3459, 1736, 5440, 6607, 5700, 2897, 6333, 2221, 2077, 4115, 1766, 5085, 4935, 4999, 6193, 5132, 5101]
[1447, 6072, 3459, 1736, 5450, 6607, 5700, 2905, 6333, 2220, 2121, 4115, 1765, 5085, 4934, 4999, 6251, 5132, 5101]
[1448, 6084, 3459, 1736, 5464, 6607, 5696, 2906, 6333, 2220, 2043, 4115, 1764, 5085, 4935, 4999, 6244, 5132, 5108]
[1446, 6071, 3459, 1736, 5475, 6607, 5700, 2901, 6333, 2220, 2091, 4115, 1765, 5085, 4935, 4999, 6172, 5132, 5097]
[1445, 6078, 3459, 1736, 5450, 6607, 5696, 2897, 6333, 2221, 2067, 4115, 1758, 5085, 4935, 4999, 6194, 5133, 5103]
[1445, 6075, 3460, 1736, 5354, 6607, 5701, 2892, 6333, 2221, 2076, 4115, 1767, 5085, 4935, 4999, 6193, 5132, 5105]
[1446, 6085, 3459, 1736, 5372, 6607, 5691, 2774, 6333, 2221, 2516, 4115, 1762, 5085, 4935, 4999, 6092, 5132, 5108]
[1445, 6081, 3459, 1736, 5457, 6607, 5692, 2906, 6333, 2221, 2046, 4115, 1761, 5085, 4935, 4999, 6187, 5133, 5104]
[1445, 6074, 3459, 1736, 5365, 6607, 5701, 2897, 6333, 2221, 2047, 4115, 1767, 5085, 4935, 4999, 6204, 5132, 5096]
[1447, 6076, 3460, 1736, 5364, 6607, 5693, 2746, 6333, 2220, 2000, 4115, 1761, 5085, 4935, 4999, 5922, 5132, 5108]
[1447, 6071, 3459, 1736, 5435, 6607, 5700, 2899, 6333, 2220, 2093, 4115, 1766, 5085, 4935, 4999, 6178, 5132, 5100]
[1448, 6083, 3460, 1736, 5375, 6607, 5697, 2893, 6333, 2221, 2074, 4115, 1755, 5085, 4935, 4999, 6222, 5132, 5106]
[1446, 6071, 3459, 1736, 5358, 6607, 5701, 2897, 6333, 2221, 2045, 4115, 1767, 5085, 4935, 4999, 6268, 5132, 5093]
[1446, 6074, 3459, 1736, 5478, 6607, 5698, 2786, 6333, 2220, 2043, 4115, 1758, 5085, 4935, 4999, 5933, 5132, 5103]
[1447, 6085, 3459, 1736, 5362, 6607, 5700, 2905, 6333, 2223, 2042, 4115, 1766, 5085, 4935, 4999, 6306, 5132, 5104]
[1446, 6080, 3459, 1736, 5446, 6607, 5693, 2855, 6333, 2221, 1666, 4115, 1757, 5085, 4935, 4999, 6136, 5132, 5107]
[1445, 6073, 3459, 1736, 5366, 6607, 5700, 2899, 6333, 2220, 2122, 4115, 1766, 5085, 4935, 4999, 6162, 5132, 5099]
[1445, 6083, 3459, 1736, 5569, 6607, 5688, 2913, 6333, 2222, 2044, 4115, 1766, 5085, 4935, 4999, 6178, 5133, 5107]
[1447, 6076, 3460, 1736, 5381, 6607, 5700, 2905, 6333, 2223, 2013, 4115, 1761, 5085, 4935, 4999, 6127, 5132, 5107]
[1445, 6084, 3459, 1736, 5570, 6607, 5695, 2909, 6333, 2221, 2055, 4115, 1755, 5085, 4935, 4999, 6203, 5133, 5107]
[1445, 6078, 3459, 1736, 5371, 6607, 5700, 2845, 6333, 2221, 2048, 4115, 1758, 5085, 4935, 4999, 5954, 5132, 5100]
[1446, 6071, 3460, 1736, 5356, 6607, 5700, 2895, 6333, 2220, 2042, 4115, 1763, 5085, 4935, 4999, 6125, 5132, 5093]
[1445, 6073, 3459, 1736, 5365, 6607, 5700, 2901, 6333, 2220, 2077, 4115, 1765, 5085, 4935, 4999, 6168, 5132, 5104]
[1446, 6083, 3459, 1736, 5406, 6607, 5688, 2909, 6333, 2221, 2119, 4115, 1766, 5085, 4935, 4999, 6178, 5133, 5095]
[1448, 6072, 3460, 1736, 5393, 6607, 5701, 2900, 6333, 2220, 2017, 4115, 1765, 5085, 4934, 4999, 6175, 5132, 5105]
[1445, 6081, 3459, 1736, 5415, 6607, 5694, 2877, 6333, 2221, 2050, 4115, 1757, 5085, 4935, 4999, 5960, 5132, 5105]
[1447, 6083, 3459, 1736, 5421, 6607, 5695, 2898, 6333, 2222, 1997, 4115, 1757, 5085, 4935, 4999, 6223, 5133, 5103]
[1445, 6075, 3459, 1736, 5366, 6607, 5701, 2897, 6333, 2221, 2134, 4115, 1767, 5085, 4935, 4999, 6178, 5133, 5099]
[1445, 6081, 3459, 1736, 5434, 6607, 5688, 2911, 6333, 2222, 2009, 4115, 1758, 5085, 4935, 4999, 6166, 5133, 5108]
[1449, 6069, 3460, 1736, 5426, 6607, 5700, 2897, 6333, 2220, 2036, 4115, 1763, 5085, 4935, 4999, 6090, 5132, 5099]
[1450, 6087, 3460, 1736, 5377, 6607, 5692, 2907, 6333, 2224, 1979, 4115, 1753, 5085, 4936, 4999, 6313, 5133, 5110]
[1445, 6081, 3459, 1736, 5373, 6607, 5694, 2905, 6333, 2221, 2074, 4115, 1766, 5085, 4935, 4999, 6178, 5133, 5104]
[1447, 6086, 3460, 1736, 5658, 6607, 5689, 2912, 6333, 2224, 2024, 4115, 1753, 5085, 4935, 4999, 6207, 5133, 5111]
[1446, 6085, 3459, 1736, 5352, 6607, 5692, 2849, 6333, 2221, 2225, 4109, 1759, 5085, 4935, 4999, 6070, 5132, 5108]
[1445, 6083, 3459, 1736, 5393, 6607, 5689, 2909, 6333, 2222, 2019, 4115, 1754, 5085, 4935, 4999, 6205, 5133, 5108]
[1448, 6082, 3459, 1736, 5379, 6607, 5695, 2903, 6333, 2221, 2128, 4115, 1766, 5085, 4934, 4999, 6241, 5132, 5107]
[1447, 6072, 3461, 1736, 5356, 6607, 5700, 2895, 6333, 2220, 2009, 4115, 1763, 5085, 4935, 4999, 6042, 5132, 5104]
[1447, 6073, 3460, 1736, 5356, 6607, 5701, 2897, 6333, 2220, 2031, 4115, 1763, 5085, 4934, 4999, 6221, 5132, 5106]
[1450, 6071, 3459, 1736, 5518, 6607, 5694, 2899, 6333, 2221, 2071, 4115, 1766, 5085, 4935, 4999, 6179, 5132, 5098]
[1448, 6083, 3459, 1736, 5374, 6607, 5697, 2906, 6333, 2221, 2003, 4115, 1753, 5085, 4935, 4999, 6310, 5133, 5107]
[1451, 6069, 3459, 1736, 5430, 6607, 5701, 2898, 6333, 2221, 2080, 4115, 1768, 5085, 4935, 4999, 6187, 5132, 5096]
[1446, 6085, 3459, 1736, 5346, 6607, 5693, 2899, 6333, 2221, 2525, 4115, 1764, 5085, 4935, 4999, 6180, 5133, 5108]
[1450, 6109, 3460, 1736, 5377, 6607, 5692, 2907, 6333, 2224, 1979, 4115, 1753, 5085, 4936, 4999, 6313, 5133, 5110]
[1446, 6077, 3460, 1736, 5359, 6607, 5693, 2898, 6333, 2221, 2028, 4115, 1755, 5085, 4935, 4999, 6287, 5132, 5106]
[1448, 6081, 3460, 1736, 5412, 6607, 5688, 2911, 6333, 2224, 1979, 4115, 1758, 5085, 4935, 4999, 6080, 5133, 5109]
[1446, 6071, 3459, 1736, 5357, 6607, 5700, 2896, 6333, 2220, 2031, 4115, 1766, 5085, 4935, 4999, 6075, 5132, 5098]
[1450, 6085, 3459, 1736, 5380, 6607, 5699, 2905, 6333, 2222, 1996, 4115, 1753, 5085, 4935, 4999, 6223, 5132, 5109]
[1448, 6084, 3459, 1736, 5363, 6607, 5693, 2903, 6333, 2221, 2132, 4115, 1767, 5085, 4935, 4999, 6182, 5133, 5095]
[1445, 6077, 3460, 1736, 5375, 6607, 5693, 2908, 6333, 2222, 3328, 4115, 1764, 5085, 4935, 4999, 6050, 5132, 5103]
[1451, 6069, 3459, 1736, 5403, 6607, 5701, 2893, 6333, 2221, 2032, 4115, 1767, 5085, 4935, 4999, 6210, 5132, 5096]
[1452, 6075, 3461, 1736, 5347, 6607, 5702, 2888, 6333, 2221, 2028, 4115, 1767, 5085, 4935, 4999, 6215, 5132, 5106]
[1448, 6070, 3459, 1736, 5446, 6607, 5697, 2900, 6333, 2222, 2722, 4115, 1765, 5085, 4935, 4999, 5981, 5132, 5096]
[1446, 6085, 3460, 1736, 5496, 6607, 5686, 2914, 6333, 2223, 1979, 4115, 1759, 5085, 4935, 4999, 5748, 5133, 5102]
[1447, 6087, 3460, 1736, 5341, 6607, 5702, 2895, 6333, 2221, 2066, 4115, 1766, 5085, 4934, 4999, 6238, 5132, 5107]
[1448, 6083, 3460, 1736, 5327, 6607, 5701, 2913, 6333, 2223, 3166, 4115, 1760, 5085, 4935, 4999, 6295, 5132, 5106]
[1446, 6084, 3459, 1736, 5353, 6607, 5696, 2919, 6333, 2222, 2054, 4115, 1760, 5085, 4935, 4999, 6168, 5133, 5106]
[1449, 6087, 3460, 1736, 5356, 6607, 5698, 2908, 6333, 2222, 2029, 4115, 1760, 5085, 4934, 4999, 6305, 5133, 5109]
[1455, 6084, 3460, 1736, 5558, 6607, 5696, 2913, 6333, 2223, 2015, 4115, 1772, 5085, 4935, 4999, 6149, 5132, 5103]
[1449, 6098, 3460, 1736, 5375, 6607, 5691, 2883, 6333, 2221, 1978, 4115, 1753, 5085, 4935, 4999, 6228, 5132, 5109]
[1452, 6074, 3460, 1736, 5332, 6607, 5702, 2895, 6333, 2221, 2032, 4115, 1770, 5085, 4935, 4999, 6250, 5132, 5101]
[1451, 6083, 3460, 1736, 5349, 6607, 5698, 2890, 6333, 2217, 2009, 4115, 1762, 5085, 4935, 4999, 6272, 5132, 5107]
