[1632, 5878, 3448, 1638, 5409, 6753, 5753, 4146, 6344, 2137, 1144, 4196, 2129, 4990, 4991, 4999, 5498, 5030, 6961]
[2954, 6175, 3448, 1652, 5124, 769, 5542, 4017, 6075, 1999, 1144, 4199, 941, 4990, 5159, 5094, 5498, 4826, 7527]
[1632, 6116, 3481, 1382, 5650, 6743, 5843, 9432, 6344, 2137, 1288, 4062, 1919, 4990, 5275, 4974, 5319, 4738, 7154]
[1849, 5644, 3535, 1687, 5233, 6753, 5753, 4264, 6516, 2137, 1327, 4286, 2129, 4990, 5133, 4776, 5416, 5030, 7218]
[1632, 261, 3650, 1476, 5369, 6753, 5761, 4225, 6344, 2137, 1289, 4196, 2129, 4990, 4991, 4858, 5462, 5030, 7122]
[1722, 5600, 3323, 1638, 5409, 6853, 5753, 4361, 6294, 2137, 887, 4196, 993, 4981, 4991, 4999, 5693, 4748, 6735]
[1888, 5910, 3155, 1638, 5284, 6955, 5761, 4158, 6098, 2137, 1366, 4299, 2129, 5118, 4735, 4893, 5686, 5056, 2026]
[1632, 5878, 3370, 1593, 5406, 6826, 5466, 4146, 6344, 2352, 6061, 4013, 2129, 4798, 4806, 4992, 5498, 5079, 7192]
[1632, 6038, 3614, 1638, 5154, 6753, 5526, 4146, 6344, 2058, 846, 4160, 2366, 4990, 4991, 5118, 5337, 5030, 7216]
[1632, 5465, 3448, 1638, 5199, 7028, 5753, 4407, 6336, 2227, 1144, 4196, 2150, 4990, 4991, 6118, 808, 5030, 6905]
[1632, 5767, 3448, 1638, 5409, 6986, 3317, 4076, 6187, 2137, 1144, 4209, 2129, 4990, 5019, 5167, 5349, 5215, 6961]
[1628, 5618, 3264, 1392, 5474, 6950, 5753, 4146, 6296, 1965, 1348, 4134, 1830, 4775, 5194, 4812, 5498, 5030, 6961]
[1735, 5897, 7727, 1722, 5685, 6753, 5663, 4146, 6112, 2137, 1144, 4415, 2129, 5165, 4854, 4999, 5526, 5030, 6849]
[1816, 5593, 3448, 1638, 5649, 6985, 5821, 3066, 6572, 6644, 1229, 3635, 2385, 5099, 5140, 4999, 5691, 5140, 6832]
[1451, 5700, 3420, 1470, 5409, 6962, 5685, 3992, 6142, 2416, 4780, 3936, 2323, 4990, 5121, 4591, 5534, 5030, 7114]
[1632, 5878, 4992, 1342, 5336, 6753, 5753, 4146, 6322, 2389, 1353, 4196, 2292, 4736, 4828, 5350, 5701, 5326, 6888]
[1392, 5779, 3673, 1643, 5409, 7031, 5753, 4088, 6398, 1991, 1144, 4459, 2129, 4891, 4798, 4999, 5498, 4856, 6935]
[1632, 5804, 3235, 3248, 5215, 6972, 5753, 4146, 6226, 1898, 1166, 4196, 2129, 4990, 5062, 4999, 5498, 5030, 6702]
[3869, 5878, 3342, 1660, 5423, 6905, 5860, 4146, 6137, 2303, 1100, 4196, 2245, 5183, 9501, 4999, 5669, 5030, 7085]
[9620, 5593, 3201, 1573, 5409, 6907, 5557, 4117, 6344, 1838, 1144, 4196, 2244, 4990, 4991, 4999, 3312, 5227, 6697]
[1427, 9244, 3448, 1924, 3468, 6491, 5753, 4196, 481, 6476, 1121, 4409, 1938, 5156, 4991, 5895, 8146, 5279, 7071]
[8882, 7860, 3185, 1638, 5282, 6663, 5753, 4289, 6102, 7468, 4632, 4196, 1829, 5157, 4738, 4999, 5498, 5234, 6839]
[1358, 5878, 3666, 1638, 5326, 6479, 5993, 3944, 6233, 2137, 943, 7536, 1983, 4990, 4991, 4857, 5581, 4778, 7003]
[1893, 5888, 6238, 1595, 5409, 6824, 5753, 4296, 6563, 2042, 1245, 4201, 2065, 4990, 6613, 5133, 5689, 5030, 6865]
[1659, 5878, 3520, 1669, 5167, 6489, 5863, 4232, 6121, 2137, 1281, 4408, 2022, 5020, 4991, 4737, 5498, 4920, 7023]
[1632, 6144, 3448, 1464, 5123, 6753, 5482, 4146, 6339, 2137, 1144, 4196, 2129, 4818, 4951, 4704, 5426, 5030, 7246]
[1474, 5678, 3325, 1720, 5409, 6753, 5812, 3903, 6301, 3381, 188, 3933, 2129, 4990, 5185, 5080, 5313, 5030, 6865]
[5543, 5911, 3714, 1441, 5207, 6514, 5753, 316, 6288, 1924, 1053, 4196, 2129, 4875, 4845, 5211, 5576, 5081, 6961]
[1570, 5853, 3542, 1638, 5409, 6753, 5527, 4146, 6344, 2149, 1243, 3994, 1990, 4748, 4974, 4814, 5426, 5209, 7058]
[1910, 5590, 3559, 7899, 5385, 887, 6818, 3893, 6152, 2365, 1210, 4445, 2129, 4990, 5166, 4967, 5498, 5030, 6970]
[1685, 3513, 3455, 1697, 5604, 6753, 5753, 4146, 9732, 2277, 1198, 4196, 1946, 5198, 5268, 5275, 5498, 5261, 6906]
[1681, 5949, 3448, 1583, 5307, 6753, 5553, 4317, 6344, 2137, 846, 4272, 2044, 4990, 3503, 5059, 5476, 5167, 6836]
[1650, 6119, 3392, 1707, 5356, 6472, 5546, 4114, 6344, 2202, 9581, 4196, 2365, 5277, 4743, 4999, 5340, 5030, 7019]
[1799, 5602, 3448, 1651, 5484, 6753, 5488, 4281, 6344, 2372, 1144, 3934, 2129, 5238, 4991, 4791, 5436, 5914, 7034]
[1583, 5905, 3378, 1638, 5409, 6753, 6001, 4146, 6344, 1928, 1144, 4196, 1968, 5173, 4702, 4999, 5673, 5078, 6961]
[1632, 6018, 3424, 1930, 5310, 6514, 5554, 4097, 6315, 2200, 1410, 3936, 2329, 4990, 4991, 4930, 5544, 5196, 7124]
[6593, 5813, 3470, 1821, 5435, 6753, 5753, 239, 6216, 1884, 1143, 4196, 2360, 4863, 4991, 4066, 5270, 5030, 6848]
[1541, 6067, 3303, 1638, 5409, 9532, 5658, 4208, 6344, 2321, 1330, 4196, 1298, 4967, 4721, 4999, 5723, 5079, 7203]
[1882, 5878, 3448, 1469, 5203, 6734, 5861, 4146, 6344, 1922, 1015, 4196, 9469, 4626, 618, 4771, 5362, 5036, 7025]
[1783, 5585, 3448, 1637, 8218, 2892, 5985, 4146, 6305, 3313, 1099, 4196, 2369, 5181, 5190, 4999, 5324, 5030, 6815]
[604, 5878, 3702, 1393, 5409, 6753, 5753, 4174, 6344, 2302, 1144, 4257, 2129, 5142, 4991, 2701, 5545, 5302, 6961]
[1447, 5878, 3463, 1638, 5259, 6543, 5504, 7024, 6065, 2137, 2150, 4163, 2126, 1694, 5017, 5291, 1524, 4926, 7116]
[1525, 4297, 3448, 1638, 5149, 6458, 6048, 4146, 6344, 2137, 8930, 4418, 5109, 4990, 4963, 4804, 5247, 5030, 7084]
[1669, 6154, 3190, 1638, 5481, 6647, 5753, 4146, 6272, 2392, 1144, 4290, 2129, 4990, 4735, 4999, 5337, 5030, 6874]
[1919, 5667, 3713, 1792, 5645, 6858, 5720, 6242, 6491, 1952, 1030, 4196, 1838, 4990, 4991, 4999, 5498, 5154, 7012]
[1440, 5878, 3688, 1778, 5594, 6753, 5753, 4146, 6625, 2162, 1144, 4211, 1833, 5188, 4693, 4999, 5782, 5030, 6961]
[1689, 5878, 3741, 1811, 5265, 6807, 5627, 4429, 6344, 2073, 857, 4196, 2149, 4875, 5063, 5706, 5538, 5045, 6961]
[1684, 5619, 3448, 763, 5112, 6726, 5729, 4038, 2070, 2184, 1411, 4196, 1916, 4919, 4701, 4999, 5272, 5030, 6834]
[1632, 5760, 3362, 1574, 5282, 6753, 5242, 4146, 6067, 2334, 8813, 4019, 2103, 4990, 4999, 4999, 5444, 4743, 6915]
[1583, 5878, 3307, 1638, 5658, 2372, 5753, 3906, 6328, 1982, 5088, 4274, 2114, 4990, 4991, 4999, 5498, 4960, 6770]
[1687, 5756, 7535, 1600, 5310, 6753, 5511, 4224, 6490, 2037, 1144, 4196, 3267, 4958, 4944, 4775, 5392, 5052, 7089]
[1632, 6025, 3448, 1638, 5703, 6826, 5753, 4395, 6260, 2137, 1286, 3972, 8675, 4990, 4917, 4999, 5498, 5030, 6966]
[1632, 5878, 3471, 1465, 5697, 6768, 5641, 4146, 6344, 1941, 4163, 4196, 2320, 4990, 5055, 4770, 5498, 5030, 6889]
[9040, 5716, 3400, 5933, 5364, 6753, 5753, 4146, 6199, 2137, 1144, 4236, 2309, 4990, 4893, 4999, 5705, 4886, 6961]
[1720, 5878, 8535, 1767, 5409, 5546, 5789, 4254, 6602, 2137, 1148, 6812, 2129, 4842, 7591, 4999, 5720, 5055, 6753]
[1632, 5878, 3542, 1638, 5528, 6646, 5753, 4146, 6065, 2222, 9802, 4120, 2129, 5095, 4991, 6472, 5286, 8328, 6961]
[1717, 5865, 3343, 1638, 5409, 6568, 5868, 4146, 6565, 2085, 1144, 4138, 1965, 4848, 4991, 5270, 5498, 5180, 6961]
[1632, 6012, 3448, 1638, 5503, 6753, 5756, 3923, 6503, 1900, 1019, 4196, 1876, 4928, 7875, 4763, 5679, 5300, 6961]
[1632, 5878, 8767, 1638, 5409, 6753, 5753, 4041, 6100, 2004, 1269, 4325, 2129, 4911, 5033, 5186, 5732, 5030, 6790]
[1837, 5878, 3448, 1528, 5447, 6753, 5753, 4146, 6638, 2137, 995, 4305, 2112, 5163, 5155, 4851, 5481, 5180, 6934]
[1371, 5754, 3545, 1833, 5409, 6753, 4270, 4146, 6282, 2137, 1144, 4196, 2115, 4990, 4991, 4745, 5498, 5270, 6961]
[1533, 5739, 3448, 1742, 5409, 6918, 5753, 4156, 6288, 2074, 1132, 4053, 2200, 4838, 4981, 4771, 5687, 5100, 6836]
[1632, 5878, 3666, 1638, 5409, 6517, 9738, 4198, 6344, 2137, 2672, 4144, 2129, 4990, 5037, 4701, 5426, 4911, 6961]
[1915, 5867, 3376, 1638, 5409, 6905, 1215, 8184, 743, 2137, 1144, 4462, 2060, 4808, 4991, 4999, 5242, 5030, 974]
[1512, 5878, 3263, 2067, 5704, 6678, 5753, 2699, 6597, 2332, 1066, 3952, 2129, 5130, 4980, 5190, 5498, 5030, 7000]
[1884, 5878, 3448, 1638, 5480, 6461, 3213, 4146, 6176, 2176, 1413, 4295, 2143, 4990, 4991, 8147, 980, 4832, 1277]
[1632, 5918, 3434, 1638, 5409, 7011, 5781, 6224, 6344, 1873, 1144, 2600, 2243, 5088, 4991, 7955, 5619, 5140, 6673]
[1875, 5803, 3615, 1686, 5269, 6588, 5505, 2565, 6344, 2323, 1397, 3994, 2024, 4990, 4991, 5212, 5498, 5044, 6688]
[1640, 5878, 3448, 1854, 5379, 6470, 5956, 8784, 6344, 2120, 1144, 7417, 2129, 4700, 5191, 5243, 5498, 5259, 9300]
[1699, 5579, 3710, 3975, 5267, 6753, 5739, 4189, 6530, 2137, 1144, 4015, 1960, 4990, 4871, 5283, 5333, 5303, 6961]
[1342, 5878, 3448, 8872, 5455, 6753, 5839, 4146, 6344, 2137, 1437, 4196, 2021, 4801, 4799, 4999, 5394, 5252, 6971]
[1496, 5625, 3448, 8849, 4566, 6469, 5908, 4033, 6494, 2137, 895, 4056, 2122, 4982, 4753, 3233, 5792, 4836, 3460]
[1798, 5882, 3611, 1460, 5378, 6753, 5676, 4188, 6290, 2075, 1144, 4196, 2129, 4990, 5131, 4999, 5397, 5030, 6989]
[1748, 5845, 3662, 1638, 5409, 6923, 5570, 4169, 2464, 2401, 1144, 4061, 2129, 4775, 4991, 4983, 5473, 4677, 6961]
[1630, 6145, 3490, 1638, 5562, 6461, 5753, 4146, 6344, 2138, 992, 3964, 2129, 5176, 4924, 4993, 5633, 5249, 6961]
[1632, 5670, 3448, 1899, 5230, 6753, 5647, 3973, 6344, 2314, 1144, 4401, 1996, 4990, 5099, 5205, 5579, 5002, 6918]
[1412, 5902, 593, 1842, 5409, 7042, 5753, 4278, 6281, 1847, 1139, 4403, 3789, 5146, 4991, 4833, 5740, 5030, 6961]
[1632, 5772, 3448, 1388, 5148, 6778, 6043, 4058, 6344, 2369, 1384, 4196, 2369, 5019, 4991, 4999, 6656, 5193, 7982]
[1823, 5697, 3579, 1812, 5407, 6823, 5736, 4249, 6168, 2137, 1386, 4172, 2235, 4756, 4991, 5222, 5632, 5030, 6991]
[1752, 5878, 3448, 186, 5187, 6753, 5846, 363, 6339, 9617, 1144, 6160, 2257, 9732, 5030, 4972, 5517, 4957, 6755]
