[180, 1422, 1282, 282, 685, 867, 152, 695, 646, 195, 2481, 614, 203, 1492, 799, 137, 135, 1311, 195, 1836, 933, 308, 2623, 1362, 78, 2754, -371, 132, 2597, 563, 503, 717, 1381, 146, 1000, 1000, 1000, 869, 861, 1000]
[126, 1000, 1315, 528, 1000, 646, 136, 1000, 701, 207, 1000, 865, 141, 1000, 1199, 133, 1000, 1356, 294, 1000, 1084, 236, 1000, 620, 78, 1000, 730, 132, 1000, 836, 503, 1000, 1371, 146, 1000, 1000, 1000, 1000, 1000, 1000]
[126, 1000, 1315, 528, 1000, 646, 136, 1000, 701, 207, 1000, 865, 141, 1000, 1199, 133, 1000, 1356, 294, 1000, 1084, 236, 1000, 620, 78, 1000, 730, 132, 1000, 836, 503, 1000, 1371, 146, 1000, 1000, 1000, 1000, 1000, 1000]
[131, 1400, 1282, 1798, 652, 867, 370, 1868, 679, 170, 2000, 912, 203, 1492, 810, 190, 178, 1362, 195, 1018, 933, 308, 2000, 1362, 78, 2754, 0, 126, 2000, 589, 503, 770, 1381, 165, 1000, 1459, 1000, 869, 861, 1057]
[138, 1399, 1320, 263, 685, 875, 128, 719, 653, 214, 2481, 792, 223, 1492, 814, 124, 894, 1308, 56, 1785, 958, 308, 2000, 1505, 123, 2000, 0, 132, 111, 518, 545, 769, 1381, 1406, 989, 1000, 975, 1139, 890, 1000]
[180, 1448, 1254, 296, 664, 867, 152, 745, 646, 223, 2481, 614, 158, 1447, 1573, 355, 170, 1801, 153, 1836, 933, 308, 2000, 1362, 79, 1707, 0, 132, 2000, 567, 1656, 737, 1343, 105, 1832, 1700, 1591, 748, 892, 1000]
[231, 1109, 1329, 323, 742, 843, 155, 268, 699, 931, 2481, 589, 197, 1492, 799, 375, 135, 1311, 185, 427, 933, 343, 2000, 1375, 129, 2754, 1756, 145, 2000, 607, 551, 717, 1332, 146, 1407, 1019, 953, 869, 876, 940]
[196, 1409, 791, 269, 644, 895, 195, 740, 614, 143, 2481, 617, 203, 1496, 799, 157, 135, 1311, 212, 1810, 948, 337, 1531, 1405, 1051, 370, 0, 139, 2597, 559, 503, 717, 1381, 146, 1000, 1000, 1057, 869, 902, 1000]
[238, 1422, 1326, 333, 738, 1572, 164, 725, 646, 174, 2000, 558, 203, 1482, 772, 188, 135, 1291, 195, 1836, 933, 300, 2000, 1313, 25, 2000, 0, 141, 2000, 521, 543, 717, 1381, 146, 953, 972, 1014, 869, 816, 1000]
[236, 1422, 1272, 282, 700, 822, 178, 710, 646, 216, 2000, 625, 203, 1479, 826, 185, 86, 1318, 224, 1885, 992, 304, 2623, 1356, 77, 2000, 0, 132, 2000, 563, 562, 717, 1330, 499, 1000, 1000, 983, 834, 867, 983]
[148, 1476, 1336, 282, 685, 914, 152, 713, 611, 195, 2000, 628, 208, 1496, 799, 196, 135, 1311, 173, 1843, 972, 308, 2000, 1348, 78, 2754, -371, 132, 2597, 536, 503, 717, 1412, 146, 1056, 1045, 1000, 925, 846, 1316]
[202, 1392, 1332, 1056, 652, 852, 197, 667, 591, 145, 2481, 563, 203, 1452, 799, 183, 135, 1313, 195, 1836, 886, 308, 918, 404, 73, 2000, -371, 132, 676, 566, 1649, 673, 1428, 122, 1000, 1051, 1000, 853, 861, 1055]
[145, 1368, 1282, 341, 685, 1074, 377, 667, 626, 189, 2000, 614, 173, 1459, 796, 137, 135, 1311, 195, 1852, 961, 308, 2000, 1362, 25, 2000, 0, 112, 2000, 563, 509, 717, 1381, 175, 1036, 1408, 948, 402, 838, 1046]
[170, 1461, 1274, 303, 664, 923, 154, 689, 646, 195, 2481, 869, 222, 1432, 827, 95, 149, 1331, 179, 1880, 933, 336, 2000, 1362, 78, 2000, -371, 174, 2597, 516, 446, 711, 1381, 190, 1000, 1000, 1007, 814, 828, 1020]
[180, 1390, 1260, 282, 635, 926, 149, 695, 648, 208, 2481, 614, 197, 1492, 782, 139, 89, 1311, 234, 1836, 953, 313, 2623, 1345, 74, 2000, 0, 1827, 2000, 622, 539, 761, 1347, 155, 968, 1000, 823, 849, 795, 1013]
[142, 1422, 940, 390, 658, 878, 152, 695, 646, 195, 2000, 250, 249, 1492, 808, 137, 135, 1323, 162, 1782, 949, 308, 2000, 1362, 24, 2000, 0, 132, 2597, 563, 541, 672, 1377, 94, 1000, 1000, 1000, 869, 861, 983]
[225, 1375, 1169, 319, 1518, 914, 127, 695, 676, 225, 2481, 638, 234, 1508, 799, 83, 135, 1327, 223, 1853, 934, 353, 2623, 1349, 77, 2000, 0, 72, 2597, 508, 466, 668, 1373, 146, 961, 966, 988, 898, 802, 1022]
[186, 1457, 1225, 282, 685, 724, 203, 688, 626, 195, 2000, 649, 221, 1492, 783, 184, 147, 1362, 227, 1808, 882, 162, 2000, 1322, 33, 2000, 0, 130, 864, 505, 503, 698, 1381, 87, 1000, 1000, 992, 818, 861, 969]
[180, 1469, 1282, 305, 685, 907, 110, 695, 699, 492, 2481, 614, 203, 1475, 799, 181, 135, 1349, 217, 1836, 933, 308, 2000, 1322, 28, 2754, 0, 102, 2000, 1355, 450, 717, 1381, 163, 985, 947, 1054, 866, 861, 944]
[142, 1422, 1282, 308, 652, 867, 202, 686, 619, 195, 2000, 614, 190, 1551, 839, 156, 135, 1311, 242, 1825, 908, 306, 396, 1010, 66, 2000, -371, 168, 2000, 592, 446, 717, 206, 1669, 1000, 1014, 987, 869, 861, 959]
[168, 1422, 1295, 289, 718, 1284, 94, 666, 646, 144, 2000, 614, 203, 1492, 824, 137, 92, 1268, 228, 1836, 933, 266, 2623, 1311, 75, 2000, 0, 132, 2000, 547, 503, 736, 1399, 1952, 1043, 973, 1015, 920, 882, 1000]
[180, 1422, 705, 282, 698, 894, 152, 1919, 595, 238, 2481, 798, 203, 1519, 799, 152, 135, 1332, 220, 1836, 933, 290, 2000, 1304, 1136, 2754, 330, 188, 2597, 563, 461, 682, 1427, 190, 1030, 1045, 948, 869, 843, 1000]
[1875, 1437, 1316, 282, 1184, 840, 120, 683, 646, 175, 2000, 632, 203, 1492, 833, 111, 135, 1270, 141, 1836, 1668, 252, 2000, 1355, 41, 2754, -371, 132, 2000, 593, 503, 675, 879, 189, 1000, 644, 1000, 842, 889, 1000]
[180, 1416, 1282, 282, 700, 901, 94, 695, 646, 192, 2481, 601, 219, 1526, 844, 136, 184, 1311, 431, 1882, 933, 305, 2000, 1362, 91, 1776, -371, 137, 2000, 567, 529, 768, 1329, 146, 970, 1025, 1000, 869, 891, 1000]
[138, 1562, 1237, 245, 728, 867, 108, 747, 1666, 151, 2000, 623, 203, 1492, 824, 179, 135, 1255, 195, 1836, 921, 274, 2623, 1353, 73, 1392, 423, 132, 2000, 563, 471, 717, 1381, 183, 39, 974, 984, 919, 880, 1950]
[180, 1397, 1239, 311, 723, 817, 152, 695, 662, 249, 346, 1517, 205, 1489, 1858, 137, 135, 1261, 195, 1836, 947, 308, 2000, 1318, 133, 815, 1411, 82, 2000, 563, 520, 696, 1381, 91, 1000, 1000, 977, 891, 828, 1000]
[180, 1416, 1338, 282, 698, 322, 114, 701, 600, 195, 2000, 652, 235, 1464, 1487, 131, 158, 1311, 195, 1836, 960, 365, 2000, 1411, 78, 2000, 1380, 132, 2000, 617, 503, 717, 1340, 146, 1000, 1046, 1000, 81, 891, 1000]
[180, 1446, 1282, 224, 685, 808, 157, 695, 667, 142, 2481, 631, 205, 1479, 805, 642, 104, 1308, 179, 1836, 925, 340, 2623, 1362, 61, 2754, 515, 132, 2000, 562, 465, 760, 1381, 127, 983, 956, 967, 869, 861, 1000]
[233, 1422, 1282, 282, 646, 867, 145, 695, 646, 195, 2000, 1708, 197, 1200, 799, 1961, 135, 1311, 195, 1865, 908, 338, 2623, 1396, 37, 2000, -371, 128, 594, 589, 283, 718, 1381, 146, 955, 1000, 1000, 869, 837, 965]
[234, 1046, 1228, 311, 685, 866, 134, 193, 686, 166, 2000, 602, 213, 1512, 1296, 137, 135, 1311, 148, 1836, 933, 269, 2000, 1362, 78, 2754, 0, 132, 2000, 551, 508, 717, 1381, 118, 1000, 961, 987, 924, 863, 1009]
[121, 945, 1264, 574, 1000, 620, 136, 1000, 641, 153, 1037, 842, 1796, 1000, 1157, 133, 956, 1356, 294, 1000, 1084, 236, 1025, 630, 35, 1000, 674, 190, 949, 872, 554, 1183, 1371, 146, 971, 972, 1000, 1000, 1823, 1036]
[126, 1029, 1315, 563, 1016, 646, 100, 1033, 683, 207, 1004, 831, 141, 1058, 1209, 114, 991, 1333, 1768, 1000, 1077, 267, 1000, 650, 76, 941, 702, 15, 983, 1980, 494, 1038, 1324, 101, 1451, 1000, 1005, 1000, 1048, 975]
[129, 1028, 1307, 528, 1036, 663, 108, 1046, 701, 175, 1005, 865, 119, 981, 1241, 184, 1000, 193, 274, 1000, 1084, 269, 967, 620, 127, 988, 730, 1629, 1000, 816, 499, 649, 1426, 182, 969, 1054, 971, 1000, 945, 953]
[126, 944, 1315, 555, 1020, 647, 139, 1034, 679, 266, 1019, 865, 82, 541, 1207, 133, 954, 1356, 294, 977, 1084, 236, 1009, 620, 18, 943, 730, 85, 35, 875, 503, 1000, 1371, 146, 980, 976, 945, 1000, 1032, 1000]
[120, 1000, 1344, 559, 66, 620, 385, 994, 701, 155, 1000, 865, 141, 1042, 1199, 97, 1000, 1351, 278, 1000, 1113, 236, 1000, 579, 35, 1000, 777, 132, 1000, 836, 459, 979, 1371, 174, 972, 652, 1000, 995, 1013, 1460]
[145, 999, 1315, 516, 1000, 646, 136, 1000, 745, 175, 1000, 865, 133, 1664, 1232, 172, 975, 1400, 246, 1022, 1042, 1996, 1053, 628, 97, 1000, 730, 132, 1000, 836, 455, 1006, 1428, 146, 1000, 1000, 1043, 1044, 1565, 1004]
[126, 1000, 1275, 1540, 962, 702, 136, 781, 701, 242, 1000, 823, 182, 1000, 1154, 165, 1000, 1413, 314, 1000, 1028, 256, 1021, 587, 110, 1000, 782, 87, 992, 793, 849, 954, 1382, 146, 972, 1030, 977, 1000, 1038, 1007]
[70, 1026, 1279, 475, 69, 680, 145, 955, 670, 207, 1024, 838, 161, 955, 1199, 465, 982, 1300, 535, 1000, 1092, 236, 1000, 659, 69, 1048, 90, 132, 1000, 788, 501, 1018, 1327, 146, 1016, 958, 1000, 1000, 1059, 995]
[143, 984, 1272, 528, 1046, 587, 136, 1000, 747, 258, 954, 865, 154, 940, 1204, 180, 1015, 1344, 776, 1016, 1084, 236, 959, 592, 43, 991, 784, 132, 955, 853, 473, 1003, 1369, 146, 1000, 1000, 1000, 954, 1000, 965]
[126, 1043, 1289, 528, 969, 670, 1804, 1029, 701, 207, 947, 873, 141, 979, 1219, 99, 981, 1356, 272, 1000, 1120, 199, 1052, 620, 47, 828, 744, 91, 1059, 888, 503, 992, 1371, 174, 1000, 1000, 1000, 1000, 989, 1000]
[80, 1001, 1315, 474, 997, 1864, 85, 1058, 659, 187, 1024, 846, 108, 945, 1199, 133, 1000, 1309, 348, 1011, 1084, 283, 1000, 295, 78, 1016, 730, 132, 1027, 836, 503, 1029, 1383, 91, 1023, 459, 1000, 949, 1000, 1000]
[126, 972, 1327, 528, 990, 615, 136, 980, 674, 541, 977, 841, 136, 1000, 1232, 124, 1040, 1356, 294, 1028, 1084, 238, 976, 620, 123, 1000, 721, 179, 943, 528, 461, 966, 1365, 103, 1000, 967, 972, 959, 950, 1000]
[178, 960, 1294, 528, 1000, 1685, 136, 1000, 751, 264, 960, 904, 141, 1041, 1199, 185, 1032, 1356, 294, 1000, 1084, 265, 1000, 620, 78, 968, 695, 132, 1043, 880, 503, 1411, 1371, 146, 1000, 1009, 1000, 1000, 1022, 962]
[126, 1000, 1315, 472, 1028, 703, 177, 1000, 719, 207, 945, 889, 141, 1023, 1188, 119, 641, 1437, 294, 1000, 1093, 236, 1276, 620, 1204, 1037, 730, 132, 1000, 836, 1218, 1000, 1403, 863, 1000, 1000, 221, 1046, 1762, 1071]
[106, 1035, 1259, 545, 1022, 698, 180, 977, 708, 204, 1005, 865, 188, 948, 1160, 176, 997, 1373, 308, 1000, 1070, 177, 1039, 581, 78, 1000, 763, 1456, 974, 1263, 327, 1039, 1386, 146, 1000, 982, 953, 1016, 1000, 1039]
[126, 1043, 1357, 528, 1000, 1656, 76, 1041, 701, 207, 1000, 865, 163, 980, 1255, 191, 1000, 1325, 249, 1000, 1141, 236, 1000, 566, 95, 1000, 739, 812, 1000, 836, 503, 1000, 160, 134, 1000, 1000, 233, 1056, 1000, 1000]
[169, 982, 1268, 540, 1000, 646, 136, 981, 722, 255, 1000, 915, 141, 1000, 1218, 146, 1000, 1332, 294, 1000, 1084, 234, 1000, 620, 85, 1040, 539, 148, 1004, 836, 554, 1000, 1371, 192, 951, 951, 978, 1000, 1011, 1057]
[147, 1000, 1362, 531, 1047, 588, 1994, 941, 680, 178, 1064, 1494, 124, 967, 1150, 905, 1014, 1406, 309, 979, 1084, 254, 1000, 654, 78, 1000, 730, 132, 982, 872, 501, 1000, 1371, 146, 1034, 1053, 984, 1000, 1000, 343]
[78, 1039, 1345, 521, 1000, 693, 171, 979, 650, 237, 1000, 831, 141, 1025, 1199, 121, 1047, 1356, 246, 1000, 1084, 212, 1020, 620, 78, 1025, 677, 76, 946, 857, 1479, 1000, 1312, 146, 1054, 1035, 1000, 1029, 971, 1022]
[124, 1000, 1352, 569, 967, 633, 126, 1000, 59, 266, 1000, 865, 180, 946, 1206, 155, 1000, 1319, 278, 943, 1130, 236, 979, 830, 83, 631, 763, 132, 1000, 894, 503, 1049, 1429, 146, 1035, 943, 953, 1027, 1051, 1000]
[79, 1033, 1274, 528, 1000, 646, 185, 1000, 701, 188, 990, 865, 141, 1000, 1150, 106, 1000, 1352, 294, 1000, 1084, 271, 1014, 653, 26, 1000, 692, 1699, 975, 836, 473, 1000, 1606, 201, 872, 1000, 988, 1000, 941, 1000]
[128, 1000, 1318, 528, 1030, 611, 94, 1057, 701, 207, 749, 865, 184, 1000, 1250, 101, 969, 1300, 277, 1050, 1043, 277, 1000, 579, 83, 1038, 687, 136, 991, 819, 503, 1954, 1354, 205, 1000, 1000, 1000, 949, 1041, 1000]
[166, 946, 1286, 533, 1000, 1365, 99, 955, 665, 233, 1157, 885, 141, 1000, 1163, 133, 1018, 1382, 351, 1025, 1042, 211, 1000, 583, 130, 1022, 772, 164, 974, 836, 468, 1000, 1371, 146, 1876, 1009, 984, 1000, 1048, 1039]
[93, 1915, 1315, 582, 1012, 633, 704, 953, 701, 235, 941, 412, 126, 1030, 1215, 248, 1037, 1321, 256, 973, 1084, 277, 1000, 620, 78, 670, 684, 132, 1000, 876, 503, 987, 1317, 101, 1000, 991, 1016, 953, 143, 971]
[75, 1003, 1260, 565, 995, 628, 179, 952, 701, 194, 1000, 843, 117, 954, 1243, 133, 992, 1368, 294, 1000, 1047, 236, 964, 601, 78, 1013, 754, 132, 512, 836, 489, 970, 1336, 119, 965, 980, 711, 962, 1017, 961]
[126, 1040, 1611, 560, 1028, 681, 136, 1910, 668, 166, 1030, 865, 109, 1000, 1250, 1971, 1000, 1385, 331, 973, 1138, 209, 1024, 620, 888, 960, 754, 189, 1000, 835, 503, 1000, 1406, 136, 1000, 1045, 962, 1000, 1000, 1000]
[121, 965, 1257, 578, 983, 601, 172, 377, 687, 190, 984, 877, 141, 1057, 1252, 133, 1000, 1303, 255, 953, 1055, 258, 960, 652, 78, 1000, 773, 88, 996, 1227, 535, 1012, 1371, 86, 991, 1000, 945, 1034, 1035, 1000]
[132, 967, 1374, 507, 999, 594, 194, 964, 747, 260, 1000, 865, 141, 973, 1147, 910, 1499, 1316, 1396, 1055, 1084, 226, 1043, 581, 107, 982, 1910, 94, 980, 1900, 458, 1000, 1352, 148, 992, 1000, 966, 1027, 954, 1050]
[87, 1040, 1315, 518, 1000, 646, 149, 1000, 759, 207, 1000, 865, 100, 1010, 1199, 167, 1000, 1410, 238, 989, 383, 236, 944, 620, 102, 951, 738, 132, 968, 842, 503, 1518, 1330, 205, 1000, 1009, 1045, 1000, 1000, 1010]
[85, 1043, 1357, 553, 1000, 646, 136, 1041, 675, 173, 1006, 865, 141, 1000, 1199, 152, 1000, 1328, 238, 1000, 1052, 236, 1000, 609, 80, 1043, 671, 95, 998, 875, 454, 957, 1367, 89, 1000, 1291, 1000, 1000, 1021, 1039]
[111, 973, 1278, 528, 1000, 623, 158, 1059, 650, 219, 960, 859, 197, 1000, 1258, 145, 1029, 1356, 256, 1000, 1024, 225, 1000, 620, 86, 1000, 730, 897, 969, 854, 548, 1035, 1354, 149, 1051, 1040, 992, 1827, 973, 1003]
[131, 1000, 1099, 478, 1000, 1629, 193, 956, 717, 207, 1403, 896, 141, 975, 1237, 129, 1000, 1313, 1567, 999, 1013, 185, 1003, 600, 59, 958, 789, 191, 1000, 790, 532, 1007, 1422, 146, 1029, 984, 1000, 1014, 1000, 1026]
[161, 1011, 1315, 582, 1000, 641, 182, 1651, 701, 248, 1000, 826, 101, 1000, 1210, 154, 1000, 1336, 295, 1019, 448, 236, 1048, 1713, 78, 1022, 730, 91, 1023, 793, 503, 1524, 1357, 146, 1015, 982, 1032, 1036, 1000, 1000]
[115, 962, 1360, 528, 1000, 609, 128, 1041, 749, 188, 1000, 915, 143, 1650, 1243, 74, 1000, 1356, 270, 1053, 446, 217, 955, 620, 108, 941, 1327, 132, 1029, 868, 485, 311, 1375, 150, 1042, 1058, 1000, 1048, 1000, 974]
[173, 891, 1315, 568, 1651, 691, 152, 947, 701, 190, 1057, 922, 151, 1000, 1144, 183, 965, 1356, 340, 1029, 1084, 236, 971, 659, 111, 1000, 723, 78, 948, 836, 447, 1045, 1404, 153, 981, 1000, 966, 1000, 1000, 1339]
[126, 1000, 1262, 528, 1000, 646, 477, 1000, 1997, 238, 960, 874, 166, 989, 1175, 161, 1000, 1413, 294, 1000, 1049, 270, 1000, 612, 78, 1037, 743, 86, 1047, 836, 503, 1050, 1415, 146, 1000, 507, 1000, 945, 1015, 1379]
[126, 1025, 1358, 1653, 946, 658, 114, 1457, 701, 151, 1045, 496, 198, 1000, 1169, 81, 992, 1351, 294, 1000, 1069, 203, 964, 640, 81, 1000, 737, 112, 1000, 880, 503, 979, 1323, 183, 961, 1000, 1005, 1000, 1982, 1000]
[179, 1000, 1330, 568, 1000, 612, 837, 985, 701, 150, 975, 871, 155, 1000, 1211, 125, 994, 1317, 300, 1000, 1084, 198, 1040, 1549, 132, 954, 730, 94, 1000, 892, 479, 1028, 1324, 146, 960, 1025, 1057, 1000, 1000, 958]
[171, 1000, 1349, 542, 1000, 698, 175, 819, 701, 207, 903, 820, 141, 1000, 1166, 133, 1021, 1395, 324, 1050, 1066, 236, 1000, 519, 78, 1000, 1110, 132, 952, 891, 465, 985, 1345, 608, 1000, 1025, 1009, 956, 1000, 992]
[1592, 1934, 1315, 586, 1017, 639, 195, 1007, 729, 215, 1040, 812, 104, 1002, 1222, 151, 1048, 1392, 854, 1001, 1084, 225, 1000, 620, 78, 1000, 723, 132, 1023, 1682, 1457, 1000, 1371, 146, 1024, 972, 1051, 742, 1010, 1012]
[116, 1001, 1323, 528, 1057, 626, 90, 1000, 699, 266, 940, 865, 182, 955, 1183, 133, 1000, 1323, 271, 1031, 1032, 196, 1002, 620, 105, 960, 730, 106, 1047, 862, 471, 1031, 1371, 126, 1045, 1026, 1054, 1000, 946, 1000]
[183, 1000, 1371, 557, 1000, 606, 136, 1026, 690, 218, 1000, 843, 141, 1042, 1199, 77, 1012, 1356, 234, 1035, 1128, 272, 111, 631, 32, 1035, 730, 170, 1000, 889, 503, 1055, 1330, 1896, 976, 944, 1008, 1021, 986, 1160]
[114, 1011, 1317, 503, 941, 677, 94, 1000, 656, 154, 1000, 823, 87, 367, 1175, 549, 526, 1380, 294, 1039, 1093, 1406, 1000, 615, 78, 1000, 868, 161, 1000, 927, 519, 995, 1318, 125, 1000, 1000, 997, 1000, 1023, 1032]
[73, 945, 1315, 1499, 1037, 1667, 150, 966, 670, 201, 1000, 624, 118, 1016, 1161, 149, 1039, 1356, 340, 986, 1094, 179, 1051, 620, 78, 1000, 730, 108, 988, 800, 503, 1017, 1311, 146, 1029, 963, 1465, 973, 1029, 942]
[75, 968, 1321, 1056, 1003, 600, 140, 1015, 701, 726, 993, 908, 1021, 1018, 1235, 182, 142, 1311, 294, 1002, 1082, 236, 649, 671, 77, 964, 256, 172, 983, 808, 539, 1000, 1365, 116, 1806, 1000, 1000, 544, 1051, 966]
[151, 446, 1315, 528, 1000, 619, 136, 984, 701, 232, 999, 826, 151, 1444, 1199, 111, 998, 1356, 310, 993, 1084, 253, 987, 620, 126, 1000, 730, 157, 974, 867, 465, 989, 1371, 146, 979, 1055, 1000, 1053, 1000, 1000]
[842, 1000, 1255, 476, 1001, 671, 111, 1000, 701, 207, 1001, 845, 113, 1000, 1207, 84, 1000, 1307, 335, 955, 732, 261, 1000, 634, 80, 968, 784, 165, 1029, 784, 532, 997, 139, 136, 1000, 1018, 1000, 1043, 1030, 974]
[126, 1000, 1315, 1387, 1053, 620, 102, 976, 748, 181, 1000, 848, 137, 1000, 1711, 133, 1188, 1334, 274, 1000, 1030, 233, 974, 611, 935, 1000, 1629, 129, 1018, 811, 517, 1000, 1371, 146, 956, 1000, 1000, 1000, 1034, 1013]
[126, 1000, 1315, 528, 1688, 685, 152, 993, 652, 247, 1000, 805, 141, 1054, 1199, 168, 1000, 890, 301, 992, 1091, 211, 944, 627, 91, 1017, 775, 128, 1035, 1914, 503, 1000, 1403, 160, 1050, 1000, 994, 1053, 961, 955]
[154, 961, 1315, 528, 1000, 612, 136, 1033, 1552, 207, 992, 919, 172, 1000, 1244, 167, 987, 1338, 318, 1042, 1045, 286, 1000, 620, 44, 1054, 730, 97, 1000, 817, 503, 941, 1388, 146, 1049, 1000, 981, 1017, 970, 1000]
