[126, 1000, 1315, 528, 1000, 608, 136, 1000, 701, 207, 1000, 865, 234, 1000, 1199, 133, 1000, 1356, 294, 1000, 1084, 236, 1000, 620, 78, 1000, 730, 132, 1000, 836, 503, 1000, 1371, 146, 1000, 1000, 1000, 1000, 1000, 1000]
[164, 1009, 1296, 522, 1001, 624, 168, 1105, 701, 244, 1249, 847, 102, 1000, 1288, 123, 1257, 1362, 312, 997, 717, 279, 1552, 1278, 52, 995, 366, 124, 405, 819, 523, 1241, 1356, 171, 1003, 993, 1016, 282, 1000, 614]
[116, 1001, 1323, 528, 1057, 626, 90, 1000, 699, 266, 940, 865, 182, 955, 1183, 133, 1000, 1323, 271, 1031, 1032, 196, 1002, 620, 105, 960, 730, 106, 1047, 862, 471, 1031, 1371, 126, 1045, 1026, 1054, 1000, 946, 1000]
[126, 1000, 1315, 528, 1000, 646, 136, 1000, 701, 207, 1000, 865, 141, 1000, 1199, 133, 1000, 1356, 294, 1000, 1084, 236, 1000, 620, 78, 1000, 730, 132, 1000, 836, 503, 1000, 1371, 146, 1000, 1000, 1000, 1000, 1000, 1000]
[126, 1000, 1315, 528, 1000, 646, 136, 1000, 701, 207, 1000, 865, 141, 1000, 1199, 133, 1000, 1356, 294, 1000, 1084, 236, 1000, 620, 78, 1000, 730, 132, 1000, 836, 503, 1000, 1371, 146, 1000, 1000, 1000, 1000, 1000, 1000]
[159, 990, 1284, 534, 1000, 646, 136, 995, 720, 213, 1000, 870, 141, 1000, 1213, 136, 1000, 1351, 294, 1000, 1084, 234, 1000, 620, 80, 1007, 643, 138, 1000, 836, 541, 1000, 1371, 187, 985, 997, 992, 1000, 1002, 1005]
[147, 1128, 1315, 543, 1005, 641, 137, 1022, 689, 253, 1167, 826, 92, 1301, 1204, 124, 984, 1356, 303, 980, 1084, 239, 1492, 620, 89, 965, 730, 144, 782, 871, 478, 991, 1371, 146, 979, 989, 987, 529, 1030, 1000]
[119, 963, 1324, 528, 1000, 620, 134, 1671, 746, 203, 1000, 892, 141, 1528, 925, 116, 1000, 1356, 276, 1025, 1080, 233, 981, 620, 95, 962, 872, 132, 1013, 860, 489, 651, 1372, 146, 1011, 1013, 1000, 1034, 1000, 991]
[169, 982, 1268, 540, 1000, 646, 136, 981, 722, 255, 1000, 915, 141, 1000, 1218, 146, 1000, 1332, 294, 1000, 1084, 234, 1000, 620, 85, 1040, 539, 148, 1004, 836, 554, 1000, 1371, 192, 951, 951, 978, 1000, 1011, 1057]
[133, 979, 1328, 528, 1020, 608, 131, 1020, 748, 214, 956, 893, 152, 1473, 1228, 130, 1004, 1353, 318, 1029, 835, 222, 957, 619, 54, 1655, 1010, 132, 962, 853, 475, 344, 1371, 148, 1000, 1041, 1000, 1008, 1000, 971]
[170, 963, 1316, 506, 1001, 686, 166, 964, 651, 231, 1025, 858, 129, 1017, 1189, 118, 1354, 1362, 247, 976, 1101, 226, 1018, 827, 47, 995, 505, 89, 988, 841, 772, 1000, 1324, 158, 1051, 1035, 1000, 1029, 988, 1029]
[116, 1001, 1323, 528, 1533, 626, 90, 1000, 699, 266, 245, 865, 182, 955, 1183, 231, 1000, 1323, 271, 1031, 1032, 196, 1002, 620, 105, 960, 730, 106, 1047, 862, 471, 1031, 1917, 126, 1045, 1026, 1054, 1000, 946, 1000]
[159, 994, 1288, 531, 1039, 639, 122, 988, 719, 265, 998, 913, 162, 993, 1196, 136, 1000, 1324, 278, 1013, 1042, 230, 1000, 620, 98, 1036, 641, 138, 1021, 855, 538, 1021, 1371, 153, 1034, 983, 986, 1000, 987, 1054]
[169, 982, 1268, 540, 1000, 646, 136, 981, 722, 75, 1000, 915, 141, 1000, 1218, 146, 1000, 1332, 294, 1000, 1084, 234, 1000, 620, 85, 1040, 539, 148, 1176, 836, 554, 1000, 1371, 192, 951, 951, 978, 1000, 1011, 1057]
[115, 962, 1360, 528, 1000, 609, 128, 1041, 749, 188, 1000, 915, 143, 1650, 1243, 74, 1000, 1356, 270, 1053, 446, 217, 955, 620, 108, 941, 1327, 132, 1029, 868, 485, 311, 1375, 150, 1042, 1058, 1000, 1048, 1000, 974]
[154, 1005, 1315, 566, 1007, 628, 104, 1463, 700, 254, 995, 838, 101, 966, 1201, 153, 1000, 1323, 274, 1029, 816, 210, 1032, 1188, 102, 1014, 730, 91, 1025, 834, 495, 1221, 1369, 145, 1043, 995, 1034, 1014, 994, 1000]
[180, 955, 1305, 543, 1014, 646, 136, 989, 708, 259, 1016, 880, 107, 591, 1208, 141, 954, 1335, 294, 999, 1084, 235, 1004, 620, 67, 1017, 622, 96, 732, 846, 510, 1000, 1371, 146, 972, 975, 962, 1000, 1018, 1035]
[109, 1029, 1340, 540, 1000, 646, 136, 1611, 682, 182, 1003, 865, 141, 1000, 1199, 135, 1000, 1344, 292, 1000, 1081, 236, 471, 617, 78, 1037, 718, 96, 998, 871, 463, 969, 1367, 136, 1000, 1004, 1000, 1000, 1004, 1038]
[126, 944, 1315, 555, 1020, 647, 139, 1034, 679, 266, 1019, 865, 82, 541, 1207, 133, 954, 1356, 294, 977, 1084, 236, 1009, 620, 18, 943, 730, 85, 35, 875, 503, 1000, 1371, 146, 980, 976, 945, 1000, 1032, 1000]
[121, 965, 1257, 578, 983, 601, 172, 377, 687, 190, 984, 877, 141, 1057, 1252, 133, 1000, 1303, 255, 953, 1055, 258, 960, 652, 78, 1000, 773, 88, 996, 1227, 535, 1012, 1371, 86, 991, 1000, 945, 1034, 1035, 1000]
[117, 1000, 1317, 528, 1045, 626, 116, 1576, 699, 216, 976, 865, 161, 976, 1186, 133, 1000, 1341, 271, 1004, 1065, 232, 1001, 620, 95, 995, 730, 111, 1040, 851, 500, 1006, 1371, 485, 1040, 1015, 1019, 1000, 953, 1000]
[124, 969, 1319, 679, 1000, 638, 133, 1028, 718, 201, 1000, 894, 141, 1619, 1201, 116, 1000, 1356, 282, 1035, 656, 233, 987, 620, 103, 990, 1210, 132, 1019, 867, 489, 818, 1371, 146, 1034, 1021, 1000, 1038, 1000, 978]
[166, 986, 1286, 579, 1000, 645, 172, 1363, 711, 250, 1333, 893, 115, 1000, 1216, 153, 1000, 1332, 294, 1013, 804, 235, 1037, 1015, 81, 1031, 692, 107, 1019, 803, 532, 1453, 1370, 181, 960, 960, 980, 1033, 1003, 1055]
[180, 1422, 1282, 282, 685, 867, 152, 695, 646, 195, 2481, 614, 203, 1492, 799, 137, 135, 1311, 195, 1836, 933, 308, 2623, 1362, 78, 2754, -371, 132, 2597, 563, 503, 717, 1381, 146, 1000, 1000, 1000, 869, 861, 1000]
[205, 1395, 1278, 318, 1073, 813, 127, 695, 675, 155, 2481, 635, 220, 1484, 804, 466, 125, 1317, 181, 1852, 928, 341, 2623, 1349, 70, 2541, 602, 111, 2114, 511, 465, 731, 1279, 128, 977, 964, 977, 885, 829, 1008]
[160, 987, 1268, 531, 1011, 643, 125, 985, 703, 244, 769, 870, 179, 1000, 1239, 143, 977, 1305, 279, 1034, 1057, 246, 691, 595, 83, 1240, 643, 136, 1002, 1092, 41, 841, 1358, 202, 993, 975, 987, 988, 1035, 1012]
[126, 972, 1327, 528, 990, 615, 136, 980, 674, 541, 977, 841, 136, 1000, 1232, 124, 1040, 1356, 294, 1028, 1084, 238, 976, 620, 123, 1000, 721, 179, 943, 528, 461, 966, 1365, 103, 1000, 967, 972, 959, 950, 1000]
[116, 1000, 1315, 528, 1639, 627, 104, 1403, 668, 209, 890, 849, 167, 1036, 1219, 109, 1049, 1174, 282, 1039, 1065, 271, 1542, 598, 86, 1035, 708, 130, 1023, 925, 503, 1324, 1368, 204, 1004, 1000, 994, 1037, 977, 955]
[169, 971, 1307, 420, 1205, 774, 125, 903, 661, 269, 2432, 763, 211, 1232, 1131, 134, 870, 1313, 413, 1844, 950, 268, 1206, 892, 33, 1410, 65, 91, 1636, 1010, 525, 900, 1349, 146, 979, 1021, 999, 963, 1016, 1000]
[161, 1011, 1315, 582, 1000, 641, 182, 1651, 701, 248, 1000, 826, 101, 1000, 1210, 154, 1000, 1336, 295, 1019, 448, 236, 1048, 1713, 78, 1022, 730, 91, 1023, 793, 503, 1524, 1357, 146, 1015, 982, 1032, 1036, 1000, 1000]
[225, 1375, 1169, 319, 1518, 914, 127, 695, 676, 225, 2481, 638, 234, 1508, 799, 83, 135, 1327, 223, 1853, 934, 353, 2623, 1349, 77, 2000, 0, 72, 2597, 508, 466, 668, 1373, 146, 961, 966, 988, 898, 802, 1022]
[148, 1476, 1336, 282, 685, 914, 152, 713, 611, 195, 2000, 628, 208, 1496, 799, 196, 135, 1311, 173, 1843, 972, 308, 2000, 1348, 78, 2754, -371, 132, 2597, 536, 503, 717, 1412, 146, 1056, 1045, 1000, 925, 846, 1316]
[180, 1416, 1282, 282, 700, 901, 94, 695, 646, 192, 2481, 601, 219, 1526, 844, 136, 184, 1311, 431, 1882, 933, 305, 2000, 1362, 91, 1776, -371, 137, 2000, 567, 529, 768, 1329, 146, 970, 1025, 1000, 869, 891, 1000]
[146, 1009, 1322, 530, 998, 630, 175, 1312, 678, 297, 992, 828, 111, 1000, 1213, 126, 1017, 1347, 294, 1022, 933, 237, 1034, 933, 117, 1425, 723, 135, 951, 618, 485, 1277, 1362, 140, 1009, 973, 1102, 1034, 984, 1000]
[153, 1010, 1322, 533, 1024, 626, 113, 1243, 700, 263, 977, 1094, 174, 968, 1197, 143, 1000, 1323, 276, 1027, 466, 197, 1004, 1375, 85, 1011, 730, 93, 1040, 797, 478, 1511, 1357, 145, 1015, 1012, 1049, 1014, 967, 750]
[179, 952, 1269, 476, 1031, 614, 128, 959, 714, 207, 1281, 865, 109, 1000, 1313, 106, 1543, 1366, 327, 971, 1118, 292, 974, 1252, 42, 990, 360, 132, 994, 836, 541, 1000, 1356, 196, 1000, 1046, 1000, 1029, 1000, 1033]
[124, 795, 1311, 557, 990, 603, 163, 795, 698, 222, 994, 839, 141, 1232, 1210, 112, 998, 1340, 479, 972, 1057, 253, 969, 630, 124, 1226, 1035, 114, 993, 1007, 521, 990, 951, 123, 982, 1024, 973, 1039, 1024, 1000]
[205, 1302, 1187, 171, 1461, 753, 136, 888, 678, 253, 1506, 790, 232, 1264, 1141, 131, 591, 1348, 269, 1311, 990, 248, 1612, 882, 35, 1959, 93, 78, 1719, 825, 488, 840, 1371, 327, 967, 971, 964, 963, 830, 1006]
[145, 1002, 1256, 570, 1047, 635, 173, 1444, 699, 248, 982, 843, 127, 979, 1205, 135, 1000, 1300, 290, 1029, 827, 225, 1042, 1395, 99, 794, 730, 97, 1043, 810, 488, 1109, 1359, 140, 1025, 1005, 1048, 1009, 989, 1000]
[90, 1032, 1341, 539, 995, 616, 136, 995, 674, 265, 881, 847, 140, 1000, 1228, 124, 1014, 1340, 262, 1019, 1073, 237, 987, 616, 642, 1001, 680, 114, 951, 785, 456, 963, 1366, 90, 1000, 1102, 992, 977, 968, 1006]
[151, 446, 1315, 528, 1000, 619, 136, 984, 701, 232, 999, 826, 151, 1444, 1199, 111, 998, 1356, 310, 993, 1084, 253, 987, 620, 126, 1000, 730, 157, 974, 867, 465, 989, 1371, 146, 979, 1055, 1000, 1053, 1000, 1000]
[102, 1009, 1336, 524, 1000, 659, 158, 987, 698, 234, 1000, 856, 141, 1004, 1355, 124, 1006, 1356, 276, 1000, 1084, 215, 1372, 620, 151, 1009, 692, 92, 998, 846, 575, 1000, 1329, 146, 1027, 1030, 1000, 1007, 991, 1019]
[126, 1000, 1315, 528, 1688, 685, 152, 993, 652, 247, 1000, 805, 141, 1054, 1199, 168, 1000, 890, 301, 992, 1091, 211, 944, 627, 91, 1017, 775, 128, 1035, 1914, 503, 1000, 1403, 160, 1050, 1000, 994, 1053, 961, 955]
[170, 1022, 1306, 344, 1447, 806, 108, 929, 689, 259, 1255, 751, 212, 1243, 864, 117, 686, 1326, 247, 1724, 1006, 280, 1983, 623, 90, 1514, 513, 104, 1406, 600, 468, 1233, 1372, 137, 1043, 1001, 994, 950, 830, 1010]
[225, 1375, 1169, 319, 1518, 914, 127, 695, 676, 225, 2481, 638, 234, 1508, 799, 83, 135, 1327, 223, 1853, 934, 353, 2623, 1035, 77, 2000, 0, 72, 2597, 508, 466, 668, 1373, 146, 961, 966, 988, 898, 802, 1022]
[180, 1420, 1282, 282, 690, 873, 112, 695, 646, 192, 2481, 608, 207, 1498, 842, 136, 152, 1311, 243, 1869, 933, 306, 2510, 1362, 881, 2174, -371, 134, 2355, 564, 509, 762, 1331, 146, 995, 1000, 1000, 262, 870, 1000]
[430, 962, 1338, 528, 992, 609, 134, 1026, 708, 358, 999, 898, 136, 1633, 1237, 91, 1013, 1443, 293, 1052, 603, 226, 960, 620, 109, 963, 836, 161, 1002, 832, 465, 364, 1371, 112, 1021, 1020, 980, 830, 994, 995]
[126, 1000, 1315, 528, 1688, 685, 152, 993, 652, 247, 1286, 805, 141, 1648, 1199, 168, 1000, 890, 301, 992, 1091, 211, 944, 356, 91, 1017, 775, 128, 1035, 1914, 503, 1000, 1403, 160, 1050, 1000, 994, 1053, 961, 283]
[129, 1008, 1315, 546, 1000, 643, 137, 1345, 701, 242, 1094, 839, 117, 1000, 1199, 139, 1000, 1346, 294, 1006, 1009, 236, 1040, 220, 78, 1003, 730, 103, 780, 796, 503, 1418, 1357, 146, 1011, 993, 1025, 1031, 1000, 1000]
[169, 1354, 1291, 518, 856, 786, 151, 855, 667, 209, 1395, 685, 86, 1491, 985, 135, 320, 1996, 249, 1919, 707, 249, 1400, 908, 67, 1147, 623, 118, 2199, 663, 503, 980, 1379, 737, 981, 995, 982, 933, 1000, 1000]
[225, 1375, 1169, 319, 1518, 914, 127, 695, 676, 225, 2481, 638, 234, 1508, 799, 83, 554, 1327, 223, 1853, 934, 353, 2623, 1349, 77, 2000, 0, 72, 2597, 566, 730, 668, 1373, 580, 961, 966, 988, 898, 802, 1022]
[85, 1043, 1357, 553, 1000, 646, 136, 1041, 675, 173, 1006, 865, 141, 1000, 1199, 152, 1000, 1328, 238, 1000, 1052, 236, 1000, 609, 80, 1043, 671, 95, 998, 875, 454, 957, 1367, 89, 1000, 1291, 1000, 1000, 1021, 1039]
[396, 806, 982, 528, 1057, 1419, 90, 1000, 699, 266, 940, 865, 182, 1234, 1183, 133, 1000, 1323, 271, 1031, 268, 196, 1002, 620, 105, 960, 730, 106, 1251, 862, 471, 1031, 1371, 126, 1076, 1026, 1054, 1000, 946, 1000]
[128, 1000, 1318, 528, 1030, 611, 94, 1057, 701, 207, 749, 865, 184, 1000, 1250, 101, 969, 1300, 277, 1050, 1043, 277, 1000, 579, 83, 1038, 687, 136, 991, 819, 503, 1954, 1354, 205, 1000, 1000, 1000, 949, 1041, 1000]
[150, 1450, 1308, 253, 685, 837, 154, 916, 642, 151, 2324, 628, 207, 1487, 799, 421, 317, 1310, 178, 1837, 951, 332, 2276, 752, 438, 2754, -132, 132, 2489, 545, 472, 737, 1401, 292, 997, 1001, 970, 872, 858, 466]
[120, 961, 1352, 554, 1003, 623, 133, 1038, 740, 263, 1013, 904, 364, 1616, 1231, 125, 991, 1356, 271, 519, 698, 223, 1008, 620, 22, 941, 1987, 85, 1026, 470, 488, 561, 1373, 149, 996, 1041, 949, 1014, 1019, 984]
[180, 1469, 1282, 305, 685, 907, 110, 695, 699, 492, 2481, 614, 203, 1475, 799, 181, 135, 1349, 217, 1836, 933, 308, 2000, 1322, 28, 2754, 0, 102, 2000, 1355, 450, 717, 1381, 163, 985, 947, 1054, 866, 861, 944]
[180, 1446, 1282, 224, 685, 808, 157, 695, 667, 142, 2481, 631, 205, 1479, 805, 642, 104, 1308, 179, 1836, 925, 340, 2623, 1362, 61, 2754, 515, 132, 2000, 562, 465, 760, 1381, 127, 983, 956, 967, 869, 861, 1000]
[172, 1088, 1289, 610, 1068, 656, 161, 1460, 691, 233, 2164, 797, 202, 1432, 1139, 144, 647, 1328, 228, 1602, 525, 275, 1306, 1363, 78, 1564, -76, 102, 1038, 681, 503, 976, 1359, 146, 812, 991, 1026, 979, 944, 1000]
[121, 965, 1340, 528, 993, 611, 132, 1008, 729, 240, 992, 902, 138, 1316, 1242, 77, 1008, 1356, 291, 1036, 705, 236, 1085, 620, 359, 964, 1119, 152, 1001, 689, 478, 775, 1368, 138, 1008, 1280, 978, 1041, 965, 999]
[143, 1001, 1315, 569, 1007, 632, 100, 1221, 701, 232, 1375, 834, 111, 1308, 1457, 103, 970, 1324, 294, 1030, 622, 607, 1035, 1447, 81, 1025, 712, 113, 1014, 800, 503, 1725, 1432, 164, 1006, 993, 1015, 1020, 1033, 1000]
[155, 988, 1283, 505, 1035, 621, 105, 996, 713, 227, 1257, 865, 163, 986, 1301, 129, 1111, 1345, 299, 988, 1097, 276, 998, 1167, 69, 971, 548, 117, 1006, 841, 518, 1002, 1368, 143, 1024, 662, 1036, 1025, 949, 1026]
[116, 641, 1355, 541, 1019, 610, 756, 1040, 735, 194, 1016, 885, 129, 656, 1212, 98, 987, 1079, 271, 998, 753, 234, 990, 620, 56, 942, 915, 117, 1001, 858, 489, 573, 1372, 148, 1037, 1028, 991, 1326, 1030, 993]
[132, 717, 1320, 528, 996, 615, 136, 982, 684, 570, 986, 840, 146, 1338, 1231, 120, 1039, 1356, 492, 995, 1084, 243, 979, 620, 123, 1000, 724, 161, 954, 575, 462, 979, 1367, 123, 992, 1041, 977, 1045, 999, 1000]
[140, 991, 1319, 574, 992, 618, 164, 1188, 687, 265, 986, 828, 126, 1000, 1233, 140, 1036, 1350, 294, 1022, 657, 237, 1028, 662, 87, 1011, 726, 104, 947, 644, 499, 1168, 1359, 210, 1012, 968, 1009, 973, 988, 1000]
[124, 1000, 1316, 528, 1051, 642, 99, 1000, 700, 257, 990, 865, 157, 991, 1195, 133, 1000, 1648, 278, 1011, 1062, 219, 1000, 620, 100, 985, 730, 123, 1024, 854, 488, 1002, 1371, 137, 1008, 1291, 1035, 1000, 999, 1000]
[110, 992, 1306, 562, 984, 645, 171, 620, 684, 227, 989, 839, 77, 1028, 1231, 304, 1010, 1333, 252, 959, 1081, 249, 1529, 643, 78, 1023, 720, 87, 949, 920, 1233, 1011, 1365, 89, 1010, 1011, 993, 1031, 992, 1008]
[137, 1185, 1315, 528, 1688, 848, 152, 993, 652, 247, 1000, 805, 141, 1054, 1199, 168, 482, 890, 439, 992, 1091, 211, 944, 562, 91, 1017, 775, 128, 1035, 1914, 503, 1000, 1403, 160, 1050, 1000, 994, 1053, 961, 955]
[164, 1010, 1301, 367, 988, 853, 143, 800, 646, 237, 1589, 342, 94, 1419, 871, 134, 983, 1355, 266, 1244, 1072, 102, 1095, 1252, 32, 2205, 277, 93, 319, 874, 503, 776, 1379, 146, 985, 997, 945, 874, 930, 1000]
[75, 1003, 1260, 565, 995, 628, 179, 952, 701, 194, 1000, 843, 117, 954, 1243, 133, 992, 1368, 294, 1000, 1047, 236, 964, 601, 78, 1013, 754, 132, 512, 836, 489, 970, 1336, 119, 965, 980, 711, 962, 1017, 961]
[112, 1023, 1340, 527, 1007, 619, 98, 980, 662, 213, 948, 1235, 161, 1003, 1229, 103, 1000, 1314, 263, 1041, 1068, 250, 1004, 600, 82, 1036, 681, 133, 982, 836, 1094, 1889, 1473, 179, 1017, 1027, 1000, 989, 1011, 1002]
[78, 1039, 1345, 521, 1000, 693, 171, 979, 650, 237, 1000, 831, 141, 1025, 1199, 121, 1047, 1356, 246, 1000, 1084, 212, 1020, 620, 78, 1025, 677, 76, 946, 857, 1479, 1000, 1312, 146, 1054, 1035, 1000, 1029, 971, 1022]
[143, 984, 1272, 528, 1046, 587, 136, 1000, 747, 258, 954, 865, 154, 940, 1204, 180, 1015, 1344, 776, 1016, 1084, 236, 959, 592, 43, 991, 784, 132, 955, 853, 473, 1003, 1369, 146, 1000, 1000, 1000, 954, 1000, 965]
[175, 1122, 1279, 455, 880, 802, 110, 882, 685, 223, 2134, 659, 151, 1136, 913, 145, 345, 1328, 356, 1333, 973, 238, 1872, 859, 85, 1495, -279, 141, 1342, 618, 529, 776, 1363, 150, 955, 957, 993, 892, 991, 1032]
[138, 1399, 1320, 263, 685, 875, 128, 719, 653, 214, 2481, 792, 223, 1492, 814, 124, 894, 1308, 56, 1785, 958, 308, 2000, 1505, 123, 2000, 0, 132, 111, 518, 545, 769, 1381, 1406, 989, 1000, 975, 1139, 890, 1000]
[86, 952, 1301, 889, 995, 643, 178, 963, 680, 231, 930, 859, 92, 936, 1209, 133, 965, 1364, 294, 989, 1074, 236, 1003, 613, 51, 986, 733, 88, 305, 579, 498, 970, 1348, 123, 976, 978, 942, 973, 1021, 969]
[170, 1461, 1274, 303, 664, 923, 154, 689, 646, 195, 2481, 869, 222, 1432, 827, 95, 149, 1331, 179, 1880, 933, 336, 2000, 1362, 78, 2000, -371, 174, 2597, 516, 446, 711, 1381, 190, 1000, 1000, 1007, 814, 828, 1020]
[137, 1001, 1315, 564, 1512, 654, 172, 1329, 653, 247, 1000, 805, 117, 710, 1206, 156, 1000, 1299, 297, 1604, 1001, 223, 993, 1190, 84, 1021, 766, 250, 1029, 1214, 503, 1254, 1399, 150, 1021, 997, 1005, 1049, 967, 976]
[723, 994, 1335, 528, 1000, 622, 132, 1032, 722, 195, 1000, 899, 141, 1517, 1231, 92, 1000, 1356, 284, 1019, 560, 224, 986, 620, 95, 975, 831, 132, 1010, 859, 490, 822, 1374, 147, 1011, 1030, 1000, 1008, 1000, 977]
[153, 1722, 1280, 533, 1000, 931, 136, 989, 713, 226, 1000, 892, 141, 1000, 1203, 140, 1000, 1344, 294, 1000, 1084, 234, 1000, 620, 79, 537, 555, 132, 1002, 836, 553, 1000, 1371, 171, 956, 462, 984, 1000, 1006, 1011]
